#Time E_0 E_1 E_2 E_3 E_4
0.0 -7.71599389 -7.59728645 -7.47116161 -7.21361243 -7.14945197
1.0 -7.71608979 -7.59736395 -7.47122702 -7.21365844 -7.14948871
2.0 -7.71637708 -7.59759601 -7.47142280 -7.21379624 -7.14959874
3.0 -7.71685452 -7.59798132 -7.47174763 -7.21402523 -7.14978157
4.0 -7.71752004 -7.59851769 -7.47219934 -7.21434438 -7.15003638
5.0 -7.71837078 -7.59920210 -7.47277489 -7.21475227 -7.15036204
6.0 -7.71940305 -7.60003069 -7.47347043 -7.21524709 -7.15075709
7.0 -7.72061240 -7.60099882 -7.47428133 -7.21582669 -7.15121979
8.0 -7.72199360 -7.60210109 -7.47520220 -7.21648852 -7.15174814
9.0 -7.72354068 -7.60333138 -7.47622696 -7.21722975 -7.15233986
10.0 -7.72524695 -7.60468293 -7.47734885 -7.21804722 -7.15299243
11.0 -7.72710504 -7.60614833 -7.47856055 -7.21893749 -7.15370315
12.0 -7.72910691 -7.60771966 -7.47985416 -7.21989687 -7.15446910
13.0 -7.73124391 -7.60938849 -7.48122133 -7.22092147 -7.15528721
14.0 -7.73350681 -7.61114594 -7.48265326 -7.22200718 -7.15615428
15.0 -7.73588586 -7.61298281 -7.48414082 -7.22314975 -7.15706699
16.0 -7.73837080 -7.61488956 -7.48567457 -7.22434479 -7.15802197
17.0 -7.74095094 -7.61685645 -7.48724483 -7.22558783 -7.15901577
18.0 -7.74361524 -7.61887357 -7.48884177 -7.22687431 -7.16004494
19.0 -7.74635229 -7.62093092 -7.49045543 -7.22819967 -7.16110603
20.0 -7.74915043 -7.62301846 -7.49207582 -7.22955932 -7.16219562
21.0 -7.75199781 -7.62512619 -7.49369292 -7.23094872 -7.16331035
22.0 -7.75488241 -7.62724420 -7.49529679 -7.23236336 -7.16444697
23.0 -7.75779216 -7.62936273 -7.49687758 -7.23379884 -7.16560230
24.0 -7.76071496 -7.63147221 -7.49842560 -7.23525083 -7.16677332
25.0 -7.76363875 -7.63356332 -7.49993132 -7.23671516 -7.16795713
26.0 -7.76655160 -7.63562704 -7.50138548 -7.23818778 -7.16915102
27.0 -7.76944176 -7.63765467 -7.50277905 -7.23966483 -7.17035246
28.0 -7.77229771 -7.63963787 -7.50410328 -7.24114260 -7.17155911
29.0 -7.77510822 -7.64156873 -7.50534978 -7.24261761 -7.17276882
30.0 -7.77786244 -7.64343971 -7.50651044 -7.24408655 -7.17397968
31.0 -7.78054990 -7.64524376 -7.50757756 -7.24554634 -7.17519000
32.0 -7.78316061 -7.64697426 -7.50854379 -7.24699413 -7.17639829
33.0 -7.78568506 -7.64862509 -7.50940213 -7.24842727 -7.17760333
34.0 -7.78811431 -7.65019060 -7.51014603 -7.24984335 -7.17880408
35.0 -7.79043999 -7.65166563 -7.51076929 -7.25124018 -7.17999977
36.0 -7.79265432 -7.65304552 -7.51126611 -7.25261580 -7.18118982
37.0 -7.79475019 -7.65432610 -7.51163111 -7.25396845 -7.18237389
38.0 -7.79672113 -7.65550372 -7.51185926 -7.25529661 -7.18355184
39.0 -7.79856136 -7.65657517 -7.51194597 -7.25659893 -7.18472373
40.0 -7.80026578 -7.65753777 -7.51188698 -7.25787428 -7.18588981
41.0 -7.80183000 -7.65838929 -7.51167842 -7.25912171 -7.18705051
42.0 -7.80325032 -7.65912797 -7.51131679 -7.26034044 -7.18820643
43.0 -7.80452374 -7.65975250 -7.51079893 -7.26152987 -7.18935833
44.0 -7.80564797 -7.66026203 -7.51012201 -7.26268952 -7.19050708
45.0 -7.80662139 -7.66065611 -7.50928355 -7.26381908 -7.19165372
46.0 -7.80744306 -7.66093474 -7.50828136 -7.26491833 -7.19279935
47.0 -7.80811270 -7.66109828 -7.50711356 -7.26598718 -7.19394520
48.0 -7.80863065 -7.66114751 -7.50577856 -7.26702564 -7.19509256
49.0 -7.80899790 -7.66108356 -7.50427505 -7.26803377 -7.19624279
50.0 -7.80921599 -7.66090791 -7.50260199 -7.26901173 -7.19739727
51.0 -7.80928703 -7.66062240 -7.50075859 -7.26995971 -7.19855745
52.0 -7.80921368 -7.66022916 -7.49874431 -7.27087795 -7.19972476
53.0 -7.80899906 -7.65973064 -7.49655887 -7.27176673 -7.20090064
54.0 -7.80864678 -7.65912957 -7.49420222 -7.27262631 -7.20208651
55.0 -7.80816085 -7.65842894 -7.49167454 -7.27345699 -7.20328378
56.0 -7.80754569 -7.65763200 -7.48897627 -7.27425904 -7.20449379
57.0 -7.80680604 -7.65674223 -7.48610808 -7.27503274 -7.20571784
58.0 -7.80594697 -7.65576332 -7.48307090 -7.27577833 -7.20695716
59.0 -7.80497380 -7.65469915 -7.47986591 -7.27649603 -7.20821292
60.0 -7.80389210 -7.65355379 -7.47649457 -7.27718603 -7.20948618
61.0 -7.80270761 -7.65233147 -7.47295863 -7.27784849 -7.21077793
62.0 -7.80142622 -7.65103656 -7.46926015 -7.27848350 -7.21208904
63.0 -7.80005396 -7.64967354 -7.46540150 -7.27909116 -7.21342028
64.0 -7.79859690 -7.64824700 -7.46138544 -7.27967150 -7.21477231
65.0 -7.79706117 -7.64676164 -7.45721508 -7.28022452 -7.21614568
66.0 -7.79545292 -7.64522219 -7.45289395 -7.28075019 -7.21754081
67.0 -7.79377823 -7.64363345 -7.44842605 -7.28124845 -7.21895799
68.0 -7.79204317 -7.64200023 -7.44381582 -7.28171922 -7.22039741
69.0 -7.79025369 -7.64032736 -7.43906825 -7.28216242 -7.22185912
70.0 -7.78841565 -7.63861965 -7.43418887 -7.28257794 -7.22334304
71.0 -7.78653476 -7.63688188 -7.42918379 -7.28296568 -7.22484898
72.0 -7.78461657 -7.63511878 -7.42405976 -7.28332555 -7.22637664
73.0 -7.78266645 -7.63333500 -7.41882424 -7.28365749 -7.22792559
74.0 -7.78068957 -7.63153512 -7.41348537 -7.28396143 -7.22949528
75.0 -7.77869089 -7.62972358 -7.40805210 -7.28423735 -7.23108507
76.0 -7.77667515 -7.62790474 -7.40253419 -7.28448523 -7.23269422
77.0 -7.77464683 -7.62608278 -7.39694231 -7.28470506 -7.23432187
78.0 -7.77261020 -7.62426176 -7.39128807 -7.28489684 -7.23596709
79.0 -7.77056926 -7.62244555 -7.38558415 -7.28506049 -7.23762886
80.0 -7.76852776 -7.62063787 -7.37984435 -7.28519584 -7.23930608
81.0 -7.76648921 -7.61884225 -7.37408370 -7.28530252 -7.24099758
82.0 -7.76445686 -7.61706201 -7.36831864 -7.28537983 -7.24270211
83.0 -7.76243373 -7.61530029 -7.36256717 -7.28542656 -7.24441838
84.0 -7.76042256 -7.61356002 -7.35684908 -7.28544068 -7.24614504
85.0 -7.75842589 -7.61184392 -7.35118631 -7.28541896 -7.24788068
86.0 -7.75644601 -7.61015450 -7.34560336 -7.28535639 -7.24962388
87.0 -7.75448499 -7.60849406 -7.34012805 -7.28524526 -7.25137317
88.0 -7.75254468 -7.60686469 -7.33479242 -7.28507403 -7.25312705
89.0 -7.75062673 -7.60526827 -7.32963422 -7.28482552 -7.25488401
90.0 -7.74873259 -7.60370648 -7.32469882 -7.28447457 -7.25664253
91.0 -7.74686350 -7.60218078 -7.32004168 -7.28398522 -7.25840107
92.0 -7.74502054 -7.60069245 -7.31573053 -7.28330791 -7.26015809
93.0 -7.74320464 -7.59924255 -7.31184513 -7.28237923 -7.26191208
94.0 -7.74141652 -7.59783200 -7.30847032 -7.28112828 -7.26366151
95.0 -7.73965680 -7.59646149 -7.30567779 -7.27949441 -7.26540487
96.0 -7.73792593 -7.59513157 -7.30349972 -7.27745305 -7.26714068
97.0 -7.73622425 -7.59384262 -7.30191170 -7.27503253 -7.26886747
98.0 -7.73455197 -7.59259487 -7.30084118 -7.27230552 -7.27058379
99.0 -7.73290919 -7.59138839 -7.30019470 -7.27228824 -7.26936174
100.0 -7.73129592 -7.59022311 -7.29988288 -7.27397943 -7.26628328
101.0 -7.72971206 -7.58909885 -7.29983236 -7.27565602 -7.26313307
102.0 -7.72815745 -7.58801529 -7.29998731 -7.27731668 -7.25995390
103.0 -7.72663182 -7.58697200 -7.30030654 -7.27896016 -7.25677197
104.0 -7.72513487 -7.58596846 -7.30075966 -7.28058522 -7.25360137
105.0 -7.72366621 -7.58500403 -7.30132396 -7.28219066 -7.25044784
106.0 -7.72222541 -7.58407800 -7.30198203 -7.28377534 -7.24731174
107.0 -7.72081200 -7.58318958 -7.30272017 -7.28533816 -7.24419013
108.0 -7.71942545 -7.58233791 -7.30352725 -7.28687805 -7.24107832
109.0 -7.71806520 -7.58152205 -7.30439401 -7.28839400 -7.23797098
110.0 -7.71673067 -7.58074103 -7.30531255 -7.28988506 -7.23486295
111.0 -7.71542123 -7.57999382 -7.30627599 -7.29135033 -7.23175002
112.0 -7.71413622 -7.57927932 -7.30727826 -7.29278895 -7.22862984
113.0 -7.71287496 -7.57859642 -7.30831393 -7.29420014 -7.22550328
114.0 -7.71163675 -7.57794398 -7.30937811 -7.29558318 -7.22237751
115.0 -7.71042087 -7.57732082 -7.31046637 -7.29693741 -7.21927335
116.0 -7.70922657 -7.57672573 -7.31157468 -7.29826223 -7.21624740
117.0 -7.70805310 -7.57615752 -7.31269932 -7.29955710 -7.21346810
118.0 -7.70689972 -7.57561496 -7.31383693 -7.30082153 -7.21144893
119.0 -7.70576566 -7.57509683 -7.31498438 -7.30205511 -7.21094157
120.0 -7.70465021 -7.57460192 -7.31613881 -7.30325744 -7.21158341
121.0 -7.70355263 -7.57412903 -7.31729759 -7.30442821 -7.21265537
122.0 -7.70247222 -7.57367696 -7.31845826 -7.30556712 -7.21387395
123.0 -7.70140829 -7.57324454 -7.31961859 -7.30667395 -7.21514431
124.0 -7.70036020 -7.57283061 -7.32077650 -7.30774850 -7.21642893
125.0 -7.69932730 -7.57243404 -7.32193008 -7.30879065 -7.21771018
126.0 -7.69830897 -7.57205372 -7.32307759 -7.30980032 -7.21897860
127.0 -7.69730460 -7.57168856 -7.32421745 -7.31077749 -7.22022857
128.0 -7.69631361 -7.57133752 -7.32534820 -7.31172219 -7.22145648
129.0 -7.69533543 -7.57099957 -7.32646855 -7.31263454 -7.22265990
130.0 -7.69436949 -7.57067371 -7.32757735 -7.31351468 -7.22383711
131.0 -7.69341526 -7.57035898 -7.32867354 -7.31436283 -7.22498688
132.0 -7.69247221 -7.57005445 -7.32975622 -7.31517924 -7.22610831
133.0 -7.69153988 -7.56975925 -7.33082455 -7.31596421 -7.22720073
134.0 -7.69061779 -7.56947253 -7.33187779 -7.31671807 -7.22826369
135.0 -7.68970554 -7.56919349 -7.33291530 -7.31744119 -7.22929685
136.0 -7.68880276 -7.56892138 -7.33393649 -7.31813398 -7.23030000
137.0 -7.68790913 -7.56865548 -7.33494084 -7.31879685 -7.23127302
138.0 -7.68702435 -7.56839511 -7.33592791 -7.31943029 -7.23221589
139.0 -7.68614820 -7.56813966 -7.33689730 -7.32003480 -7.23312866
140.0 -7.68528046 -7.56788855 -7.33784870 -7.32061092 -7.23401147
141.0 -7.68442096 -7.56764122 -7.33878185 -7.32115922 -7.23486452
142.0 -7.68356955 -7.56739718 -7.33969658 -7.32168033 -7.23568810
143.0 -7.68272610 -7.56715597 -7.34059276 -7.32217487 -7.23648255
144.0 -7.68189050 -7.56691717 -7.34147032 -7.32264353 -7.23724827
145.0 -7.68106265 -7.56668038 -7.34232927 -7.32308699 -7.23798571
146.0 -7.68024248 -7.56644528 -7.34316963 -7.32350594 -7.23869537
147.0 -7.67942995 -7.56621154 -7.34399148 -7.32390110 -7.23937775
148.0 -7.67862504 -7.56597890 -7.34479491 -7.32427320 -7.24003343
149.0 -7.67782778 -7.56574714 -7.34558007 -7.32462297 -7.24066297
150.0 -7.67703822 -7.56551604 -7.34634710 -7.32495117 -7.24126697
151.0 -7.67625646 -7.56528546 -7.34709619 -7.32525856 -7.24184607
152.0 -7.67548264 -7.56505526 -7.34782755 -7.32554594 -7.24240094
153.0 -7.67471690 -7.56482536 -7.34854143 -7.32581413 -7.24293227
154.0 -7.67395944 -7.56459569 -7.34923812 -7.32606395 -7.24344079
155.0 -7.67321045 -7.56436622 -7.34991792 -7.32629625 -7.24392725
156.0 -7.67247012 -7.56413694 -7.35058117 -7.32651187 -7.24439240
157.0 -7.67173865 -7.56390787 -7.35122824 -7.32671163 -7.24483703
158.0 -7.67101623 -7.56367903 -7.35185950 -7.32689635 -7.24526191
159.0 -7.67030306 -7.56345047 -7.35247533 -7.32706685 -7.24566783
160.0 -7.66959933 -7.56322228 -7.35307614 -7.32722393 -7.24605555
161.0 -7.66890528 -7.56299454 -7.35366233 -7.32736837 -7.24642586
162.0 -7.66822114 -7.56276736 -7.35423431 -7.32750100 -7.24677954
163.0 -7.66754718 -7.56254089 -7.35479253 -7.32762262 -7.24711741
164.0 -7.66688372 -7.56231528 -7.35533742 -7.32773407 -7.24744028
165.0 -7.66623107 -7.56209071 -7.35586946 -7.32783620 -7.24774899
166.0 -7.66558957 -7.56186738 -7.35638912 -7.32792986 -7.24804436
167.0 -7.66495955 -7.56164549 -7.35689690 -7.32801589 -7.24832725
168.0 -7.66434132 -7.56142527 -7.35739328 -7.32809508 -7.24859846
169.0 -7.66373517 -7.56120692 -7.35787875 -7.32816822 -7.24885880
170.0 -7.66314136 -7.56099066 -7.35835379 -7.32823606 -7.24910904
171.0 -7.66256016 -7.56077671 -7.35881888 -7.32829932 -7.24934994
172.0 -7.66199183 -7.56056530 -7.35927449 -7.32835871 -7.24958226
173.0 -7.66143664 -7.56035665 -7.35972109 -7.32841496 -7.24980673
174.0 -7.66089491 -7.56015104 -7.36015919 -7.32846879 -7.25002412
175.0 -7.66036696 -7.55994872 -7.36058927 -7.32852096 -7.25023521
176.0 -7.65985318 -7.55975000 -7.36101185 -7.32857222 -7.25044077
177.0 -7.65935391 -7.55955516 -7.36142744 -7.32862333 -7.25064158
178.0 -7.65886952 -7.55936449 -7.36183654 -7.32867503 -7.25083839
179.0 -7.65840031 -7.55917829 -7.36223965 -7.32872799 -7.25103193
180.0 -7.65794656 -7.55899681 -7.36263722 -7.32878285 -7.25122287
181.0 -7.65750851 -7.55882032 -7.36302974 -7.32884024 -7.25141187
182.0 -7.65708639 -7.55864907 -7.36341763 -7.32890071 -7.25159956
183.0 -7.65668044 -7.55848332 -7.36380136 -7.32896487 -7.25178657
184.0 -7.65629095 -7.55832335 -7.36418138 -7.32903332 -7.25197355
185.0 -7.65591825 -7.55816944 -7.36455817 -7.32910670 -7.25216116
186.0 -7.65556267 -7.55802193 -7.36493220 -7.32918565 -7.25235007
187.0 -7.65522458 -7.55788112 -7.36530395 -7.32927082 -7.25254095
188.0 -7.65490430 -7.55774733 -7.36567390 -7.32936283 -7.25273444
189.0 -7.65460212 -7.55762083 -7.36604248 -7.32946224 -7.25293112
190.0 -7.65431825 -7.55750189 -7.36641010 -7.32956955 -7.25313155
191.0 -7.65405290 -7.55739074 -7.36677717 -7.32968522 -7.25333623
192.0 -7.65380623 -7.55728762 -7.36714405 -7.32980970 -7.25354565
193.0 -7.65357844 -7.55719277 -7.36751114 -7.32994345 -7.25376031
194.0 -7.65336980 -7.55710646 -7.36787884 -7.33008697 -7.25398073
195.0 -7.65318060 -7.55702898 -7.36824757 -7.33024077 -7.25420745
196.0 -7.65301116 -7.55696062 -7.36861775 -7.33040539 -7.25444102
197.0 -7.65286178 -7.55690169 -7.36898977 -7.33058135 -7.25468196
198.0 -7.65273270 -7.55685245 -7.36936404 -7.33076911 -7.25493076
199.0 -7.65262410 -7.55681312 -7.36974088 -7.33096904 -7.25518783
200.0 -7.65253611 -7.55678390 -7.37012061 -7.33118149 -7.25545354
