#Time Kinetic_e Potential_e Total_e Norm
0.0 0.00000000 -7.59728645 -7.59728645 1.0
1.0 0.00008510 -7.59736395 -7.59727885 0.9999999999999989
2.0 0.00034019 -7.59759606 -7.59725587 0.9999999999999983
3.0 0.00076457 -7.59798158 -7.59721701 0.9999999999999979
4.0 0.00135711 -7.59851853 -7.59716142 0.9999999999999979
5.0 0.00211622 -7.59920414 -7.59708792 0.9999999999999982
6.0 0.00303988 -7.60003491 -7.59699503 0.9999999999999971
7.0 0.00412564 -7.60100661 -7.59688097 0.9999999999999964
8.0 0.00537063 -7.60211428 -7.59674365 0.9999999999999961
9.0 0.00677159 -7.60335228 -7.59658069 0.9999999999999964
10.0 0.00832488 -7.60471426 -7.59638938 0.9999999999999972
11.0 0.01002649 -7.60619324 -7.59616675 0.9999999999999976
12.0 0.01187207 -7.60778160 -7.59590953 0.9999999999999972
13.0 0.01385698 -7.60947115 -7.59561418 0.9999999999999972
14.0 0.01597624 -7.61125317 -7.59527692 0.9999999999999967
15.0 0.01822466 -7.61311844 -7.59489378 0.9999999999999962
16.0 0.02059678 -7.61505736 -7.59446058 0.9999999999999961
17.0 0.02308695 -7.61705998 -7.59397303 0.9999999999999964
18.0 0.02568932 -7.61911605 -7.59342674 0.9999999999999966
19.0 0.02839791 -7.62121512 -7.59281721 0.9999999999999971
20.0 0.03120662 -7.62334655 -7.59213993 0.9999999999999977
21.0 0.03410924 -7.62549962 -7.59139039 0.9999999999999984
22.0 0.03709951 -7.62766358 -7.59056407 0.9999999999999991
23.0 0.04017113 -7.62982769 -7.58965656 0.9999999999999987
24.0 0.04331779 -7.63198138 -7.58866359 0.9999999999999993
25.0 0.04653320 -7.63411425 -7.58758104 0.9999999999999987
26.0 0.04981112 -7.63621622 -7.58640510 0.9999999999999994
27.0 0.05314537 -7.63827760 -7.58513223 0.9999999999999993
28.0 0.05652987 -7.64028916 -7.58375929 1.0
29.0 0.05995867 -7.64224225 -7.58228358 0.9999999999999999
30.0 0.06342596 -7.64412881 -7.58070284 0.9999999999999999
31.0 0.06692610 -7.64594143 -7.57901533 0.9999999999999992
32.0 0.07045359 -7.64767341 -7.57721981 0.9999999999999991
33.0 0.07400316 -7.64931875 -7.57531558 0.9999999999999993
34.0 0.07756969 -7.65087214 -7.57330245 0.9999999999999988
35.0 0.08114825 -7.65232899 -7.57118073 0.9999999999999983
36.0 0.08473410 -7.65368536 -7.56895126 0.9999999999999991
37.0 0.08832267 -7.65493796 -7.56661529 1.0000000000000002
38.0 0.09190957 -7.65608412 -7.56417455 0.9999999999999998
39.0 0.09549060 -7.65712170 -7.56163110 1.0000000000000007
40.0 0.09906174 -7.65804908 -7.55898734 1.0000000000000016
41.0 0.10261914 -7.65886506 -7.55624592 1.0000000000000016
42.0 0.10615918 -7.65956885 -7.55340967 1.0000000000000027
43.0 0.10967840 -7.66015994 -7.55048154 1.0000000000000036
44.0 0.11317356 -7.66063808 -7.54746453 1.0000000000000036
45.0 0.11664161 -7.66100328 -7.54436167 1.000000000000004
46.0 0.12007972 -7.66125573 -7.54117601 1.0000000000000042
47.0 0.12348526 -7.66139583 -7.53791057 1.0000000000000036
48.0 0.12685581 -7.66142423 -7.53456842 1.0000000000000029
49.0 0.13018920 -7.66134181 -7.53115261 1.000000000000002
50.0 0.13348346 -7.66114976 -7.52766631 1.0000000000000022
51.0 0.13673686 -7.66084958 -7.52411271 1.0000000000000027
52.0 0.13994791 -7.66044308 -7.52049517 1.0000000000000029
53.0 0.14311532 -7.65993245 -7.51681713 1.0000000000000024
54.0 0.14623800 -7.65932021 -7.51308222 1.0000000000000022
55.0 0.14931502 -7.65860922 -7.50929420 1.000000000000002
56.0 0.15234562 -7.65780263 -7.50545701 1.000000000000002
57.0 0.15532914 -7.65690390 -7.50157477 1.0000000000000016
58.0 0.15826499 -7.65591672 -7.49765173 1.000000000000002
59.0 0.16115267 -7.65484496 -7.49369229 1.0000000000000022
60.0 0.16399169 -7.65369264 -7.48970095 1.0000000000000036
61.0 0.16678156 -7.65246382 -7.48568226 1.0000000000000038
62.0 0.16952179 -7.65116261 -7.48164082 1.0000000000000029
63.0 0.17221187 -7.64979306 -7.47758119 1.0000000000000027
64.0 0.17485123 -7.64835914 -7.47350792 1.0000000000000029
65.0 0.17743930 -7.64686480 -7.46942550 1.000000000000004
66.0 0.17997547 -7.64531390 -7.46533843 1.0000000000000044
67.0 0.18245916 -7.64371038 -7.46125122 1.0000000000000044
68.0 0.18488981 -7.64205825 -7.45716844 1.0000000000000044
69.0 0.18726691 -7.64036173 -7.45309482 1.0000000000000047
70.0 0.18959009 -7.63862532 -7.44903523 1.000000000000004
71.0 0.19185907 -7.63685385 -7.44499478 1.0000000000000047
72.0 0.19407373 -7.63505255 -7.44097882 1.0000000000000053
73.0 0.19623412 -7.63322703 -7.43699291 1.0000000000000049
74.0 0.19834040 -7.63138327 -7.43304287 1.0000000000000044
75.0 0.20039288 -7.62952753 -7.42913465 1.0000000000000033
76.0 0.20239198 -7.62766630 -7.42527432 1.000000000000004
77.0 0.20433818 -7.62580612 -7.42146794 1.000000000000004
78.0 0.20623202 -7.62395347 -7.41772145 1.0000000000000038
79.0 0.20807406 -7.62211461 -7.41404055 1.0000000000000033
80.0 0.20986486 -7.62029535 -7.41043049 1.000000000000004
81.0 0.21160500 -7.61850097 -7.40689597 1.0000000000000038
82.0 0.21329503 -7.61673597 -7.40344094 1.0000000000000033
83.0 0.21493556 -7.61500401 -7.40006845 1.000000000000003
84.0 0.21652721 -7.61330777 -7.39678056 1.0000000000000033
85.0 0.21807070 -7.61164894 -7.39357824 1.0000000000000044
86.0 0.21956684 -7.61002815 -7.39046131 1.0000000000000038
87.0 0.22101659 -7.60844508 -7.38742850 1.000000000000002
88.0 0.22242101 -7.60689850 -7.38447749 1.0000000000000027
89.0 0.22378133 -7.60538640 -7.38160507 1.0000000000000018
90.0 0.22509888 -7.60390622 -7.37880734 1.0000000000000018
91.0 0.22637509 -7.60245508 -7.37607999 1.000000000000003
92.0 0.22761142 -7.60103006 -7.37341864 1.0000000000000018
93.0 0.22880934 -7.59962857 -7.37081923 1.0000000000000013
94.0 0.22997030 -7.59824872 -7.36827842 1.000000000000001
95.0 0.23109568 -7.59688967 -7.36579399 1.0000000000000016
96.0 0.23218679 -7.59555196 -7.36336518 1.0000000000000002
97.0 0.23324483 -7.59423768 -7.36099286 1.0000000000000009
98.0 0.23427091 -7.59295048 -7.35867957 1.0000000000000007
99.0 0.23526603 -7.59169533 -7.35642930 1.000000000000001
100.0 0.23623098 -7.59047802 -7.35424704 1.0000000000000027
101.0 0.23716635 -7.58930447 -7.35213812 1.0000000000000024
102.0 0.23807244 -7.58817984 -7.35010739 1.0000000000000036
103.0 0.23894923 -7.58710762 -7.34815840 1.0000000000000047
104.0 0.23979627 -7.58608890 -7.34629263 1.0000000000000044
105.0 0.24061283 -7.58512190 -7.34450907 1.0000000000000049
106.0 0.24139785 -7.58420197 -7.34280412 1.000000000000004
107.0 0.24215024 -7.58332212 -7.34117189 1.000000000000003
108.0 0.24286901 -7.58247406 -7.33960505 1.0000000000000029
109.0 0.24355359 -7.58164954 -7.33809594 1.0000000000000022
110.0 0.24420406 -7.58084186 -7.33663779 1.0000000000000018
111.0 0.24482131 -7.58004725 -7.33522594 1.000000000000002
112.0 0.24540708 -7.57926572 -7.33385864 1.0000000000000018
113.0 0.24596388 -7.57850131 -7.33253744 1.0000000000000022
114.0 0.24649465 -7.57776146 -7.33126681 1.0000000000000022
115.0 0.24700239 -7.57705570 -7.33005331 1.000000000000002
116.0 0.24748962 -7.57639378 -7.32890416 1.0000000000000016
117.0 0.24795795 -7.57578362 -7.32782567 1.000000000000002
118.0 0.24840767 -7.57522947 -7.32682180 1.000000000000001
119.0 0.24883767 -7.57473068 -7.32589301 1.0000000000000013
120.0 0.24924548 -7.57428139 -7.32503592 1.0000000000000007
121.0 0.24962773 -7.57387130 -7.32424357 1.0000000000000013
122.0 0.24998070 -7.57348725 -7.32350655 1.000000000000001
123.0 0.25030111 -7.57311563 -7.32281452 1.0000000000000013
124.0 0.25058682 -7.57274482 -7.32215800 1.0000000000000016
125.0 0.25083746 -7.57236745 -7.32152999 1.0000000000000016
126.0 0.25105471 -7.57198171 -7.32092701 1.0000000000000009
127.0 0.25124226 -7.57159166 -7.32034940 1.0000000000000013
128.0 0.25140539 -7.57120615 -7.31980076 1.0000000000000018
129.0 0.25155022 -7.57083680 -7.31928658 1.000000000000002
130.0 0.25168273 -7.57049520 -7.31881247 1.0000000000000029
131.0 0.25180782 -7.57019008 -7.31838226 1.0000000000000038
132.0 0.25192848 -7.56992500 -7.31799652 1.0000000000000029
133.0 0.25204536 -7.56969712 -7.31765176 1.0000000000000027
134.0 0.25215681 -7.56949743 -7.31734063 1.0000000000000038
135.0 0.25225933 -7.56931233 -7.31705300 1.0000000000000036
136.0 0.25234851 -7.56912638 -7.31677787 1.0000000000000036
137.0 0.25242016 -7.56892557 -7.31650541 1.000000000000003
138.0 0.25247142 -7.56870033 -7.31622892 1.0000000000000024
139.0 0.25250160 -7.56844763 -7.31594603 1.0000000000000029
140.0 0.25251260 -7.56817146 -7.31565886 1.000000000000003
141.0 0.25250862 -7.56788173 -7.31537310 1.0000000000000029
142.0 0.25249545 -7.56759164 -7.31509619 1.0000000000000029
143.0 0.25247924 -7.56731423 -7.31483500 1.0000000000000033
144.0 0.25246520 -7.56705899 -7.31459379 1.0000000000000027
145.0 0.25245652 -7.56682935 -7.31437283 1.0000000000000027
146.0 0.25245368 -7.56662183 -7.31416815 1.0000000000000027
147.0 0.25245449 -7.56642705 -7.31397256 1.0000000000000024
148.0 0.25245481 -7.56623237 -7.31377756 1.0000000000000027
149.0 0.25244968 -7.56602539 -7.31357572 1.0000000000000027
150.0 0.25243472 -7.56579747 -7.31336275 1.0000000000000022
151.0 0.25240736 -7.56554604 -7.31313868 1.0000000000000022
152.0 0.25236749 -7.56527518 -7.31290769 1.0000000000000016
153.0 0.25231752 -7.56499420 -7.31267668 1.000000000000001
154.0 0.25226166 -7.56471465 -7.31245299 1.0000000000000016
155.0 0.25220480 -7.56444674 -7.31224194 1.000000000000002
156.0 0.25215121 -7.56419623 -7.31204502 1.0000000000000013
157.0 0.25210349 -7.56396283 -7.31185934 1.0000000000000018
158.0 0.25206204 -7.56374055 -7.31167851 1.0000000000000013
159.0 0.25202531 -7.56352000 -7.31149468 1.0000000000000013
160.0 0.25199049 -7.56329170 -7.31130121 1.000000000000001
161.0 0.25195462 -7.56304945 -7.31109484 1.0000000000000016
162.0 0.25191565 -7.56279246 -7.31087681 1.0000000000000009
163.0 0.25187313 -7.56252555 -7.31065242 1.0000000000000016
164.0 0.25182831 -7.56225739 -7.31042907 1.000000000000002
165.0 0.25178374 -7.56199741 -7.31021367 1.0000000000000016
166.0 0.25174241 -7.56175247 -7.31001006 1.0000000000000016
167.0 0.25170689 -7.56152450 -7.30981761 1.0000000000000022
168.0 0.25167863 -7.56131002 -7.30963139 1.0000000000000024
169.0 0.25165773 -7.56110168 -7.30944396 1.0000000000000022
170.0 0.25164311 -7.56089120 -7.30924808 1.0000000000000029
171.0 0.25163314 -7.56067267 -7.30903953 1.0000000000000027
172.0 0.25162626 -7.56044493 -7.30881868 1.0000000000000016
173.0 0.25162152 -7.56021205 -7.30859053 1.0000000000000018
174.0 0.25161889 -7.55998181 -7.30836292 1.0000000000000029
175.0 0.25161913 -7.55976271 -7.30814358 1.0000000000000027
176.0 0.25162346 -7.55956076 -7.30793730 1.0000000000000022
177.0 0.25163314 -7.55937715 -7.30774400 1.0000000000000029
178.0 0.25164906 -7.55920783 -7.30755877 1.000000000000003
179.0 0.25167158 -7.55904522 -7.30737364 1.0000000000000036
180.0 0.25170061 -7.55888126 -7.30718065 1.0000000000000036
181.0 0.25173578 -7.55871071 -7.30697493 1.0000000000000042
182.0 0.25177682 -7.55853337 -7.30675655 1.0000000000000044
183.0 0.25182379 -7.55835430 -7.30653051 1.0000000000000042
184.0 0.25187719 -7.55818191 -7.30630473 1.0000000000000049
185.0 0.25193794 -7.55802476 -7.30608682 1.000000000000005
186.0 0.25200715 -7.55788809 -7.30588094 1.0000000000000053
187.0 0.25208581 -7.55777173 -7.30568592 1.000000000000006
188.0 0.25217452 -7.55767012 -7.30549559 1.0000000000000058
189.0 0.25227340 -7.55757451 -7.30530111 1.0000000000000064
190.0 0.25238213 -7.55747659 -7.30509446 1.0000000000000069
191.0 0.25250027 -7.55737198 -7.30487171 1.0000000000000073
192.0 0.25262771 -7.55726236 -7.30463465 1.0000000000000075
193.0 0.25276491 -7.55715500 -7.30439009 1.0000000000000073
194.0 0.25291301 -7.55705996 -7.30414695 1.0000000000000073
195.0 0.25307352 -7.55698590 -7.30391239 1.0000000000000089
196.0 0.25324774 -7.55693634 -7.30368860 1.0000000000000089
197.0 0.25343623 -7.55690790 -7.30347167 1.0000000000000084
198.0 0.25363842 -7.55689150 -7.30325307 1.0000000000000093
199.0 0.25385289 -7.55687624 -7.30302335 1.0000000000000093
200.0 0.25407804 -7.55685440 -7.30277637 1.0000000000000089
