# Time Pop_0 Pop_1 Pop_2 Pop_3 Pop_4
0.0 0.000000 1.000000 0.000000 0.000000 0.000000
1.0 0.000000 1.000000 0.000000 0.000000 0.000000
2.0 0.000001 0.999999 0.000000 0.000000 0.000000
3.0 0.000003 0.999996 0.000001 0.000000 0.000000
4.0 0.000011 0.999987 0.000003 0.000000 0.000000
5.0 0.000025 0.999968 0.000006 0.000000 0.000000
6.0 0.000052 0.999935 0.000012 0.000000 0.000000
7.0 0.000094 0.999883 0.000022 0.000000 0.000000
8.0 0.000155 0.999806 0.000037 0.000001 0.000000
9.0 0.000242 0.999700 0.000057 0.000001 0.000000
10.0 0.000356 0.999559 0.000083 0.000001 0.000000
11.0 0.000503 0.999380 0.000115 0.000001 0.000000
12.0 0.000683 0.999159 0.000155 0.000001 0.000000
13.0 0.000900 0.998896 0.000201 0.000001 0.000000
14.0 0.001153 0.998590 0.000254 0.000001 0.000000
15.0 0.001442 0.998242 0.000313 0.000001 0.000000
16.0 0.001764 0.997856 0.000376 0.000001 0.000000
17.0 0.002116 0.997437 0.000443 0.000001 0.000000
18.0 0.002493 0.996990 0.000513 0.000001 0.000000
19.0 0.002889 0.996524 0.000583 0.000000 0.000000
20.0 0.003296 0.996048 0.000652 0.000000 0.000000
21.0 0.003706 0.995571 0.000718 0.000000 0.000000
22.0 0.004112 0.995104 0.000780 0.000000 0.000000
23.0 0.004503 0.994656 0.000836 0.000000 0.000000
24.0 0.004871 0.994239 0.000885 0.000000 0.000000
25.0 0.005207 0.993862 0.000926 0.000000 0.000000
26.0 0.005503 0.993533 0.000959 0.000000 0.000000
27.0 0.005754 0.993258 0.000983 0.000000 0.000000
28.0 0.005952 0.993043 0.000999 0.000000 0.000000
29.0 0.006095 0.992893 0.001007 0.000000 0.000000
30.0 0.006179 0.992807 0.001007 0.000000 0.000000
31.0 0.006205 0.992785 0.001002 0.000001 0.000000
32.0 0.006175 0.992825 0.000991 0.000001 0.000000
33.0 0.006091 0.992922 0.000978 0.000001 0.000000
34.0 0.005958 0.993069 0.000963 0.000002 0.000000
35.0 0.005784 0.993256 0.000948 0.000003 0.000000
36.0 0.005577 0.993476 0.000935 0.000004 0.000000
37.0 0.005345 0.993716 0.000926 0.000004 0.000000
38.0 0.005098 0.993965 0.000922 0.000005 0.000000
39.0 0.004845 0.994213 0.000926 0.000006 0.000000
40.0 0.004597 0.994448 0.000937 0.000007 0.000000
41.0 0.004362 0.994660 0.000959 0.000008 0.000000
42.0 0.004146 0.994841 0.000991 0.000010 0.000000
43.0 0.003958 0.994983 0.001034 0.000012 0.000000
44.0 0.003800 0.995083 0.001089 0.000014 0.000000
45.0 0.003677 0.995136 0.001155 0.000017 0.000000
46.0 0.003588 0.995143 0.001233 0.000021 0.000000
47.0 0.003532 0.995106 0.001320 0.000026 0.000000
48.0 0.003508 0.995030 0.001415 0.000031 0.000000
49.0 0.003509 0.994921 0.001516 0.000036 0.000000
50.0 0.003531 0.994790 0.001619 0.000042 0.000000
51.0 0.003567 0.994646 0.001720 0.000047 0.000000
52.0 0.003610 0.994502 0.001815 0.000053 0.000000
53.0 0.003652 0.994369 0.001899 0.000059 0.000000
54.0 0.003686 0.994260 0.001968 0.000064 0.000000
55.0 0.003706 0.994186 0.002015 0.000070 0.000000
56.0 0.003705 0.994159 0.002037 0.000075 0.000000
57.0 0.003678 0.994186 0.002029 0.000081 0.000000
58.0 0.003623 0.994273 0.001989 0.000088 0.000000
59.0 0.003535 0.994426 0.001915 0.000095 0.000000
60.0 0.003414 0.994643 0.001808 0.000104 0.000000
61.0 0.003261 0.994924 0.001669 0.000113 0.000000
62.0 0.003076 0.995263 0.001503 0.000124 0.000000
63.0 0.002861 0.995651 0.001315 0.000137 0.000000
64.0 0.002621 0.996077 0.001114 0.000150 0.000000
65.0 0.002360 0.996529 0.000907 0.000165 0.000000
66.0 0.002084 0.996990 0.000704 0.000180 0.000000
67.0 0.001799 0.997445 0.000515 0.000196 0.000000
68.0 0.001513 0.997877 0.000349 0.000212 0.000000
69.0 0.001233 0.998270 0.000215 0.000228 0.000000
70.0 0.000968 0.998609 0.000119 0.000245 0.000000
71.0 0.000726 0.998881 0.000065 0.000262 0.000000
72.0 0.000517 0.999076 0.000055 0.000280 0.000000
73.0 0.000347 0.999187 0.000087 0.000300 0.000000
74.0 0.000224 0.999211 0.000157 0.000321 0.000000
75.0 0.000155 0.999148 0.000258 0.000344 0.000000
76.0 0.000142 0.999004 0.000381 0.000370 0.000000
77.0 0.000188 0.998785 0.000515 0.000398 0.000000
78.0 0.000294 0.998503 0.000650 0.000428 0.000000
79.0 0.000457 0.998172 0.000775 0.000459 0.000000
80.0 0.000673 0.997807 0.000879 0.000492 0.000000
81.0 0.000935 0.997424 0.000955 0.000523 0.000000
82.0 0.001235 0.997039 0.000998 0.000552 0.000000
83.0 0.001564 0.996664 0.001005 0.000577 0.000000
84.0 0.001914 0.996311 0.000977 0.000596 0.000000
85.0 0.002275 0.995988 0.000920 0.000605 0.000000
86.0 0.002638 0.995699 0.000839 0.000604 0.000000
87.0 0.002997 0.995444 0.000746 0.000589 0.000000
88.0 0.003344 0.995220 0.000651 0.000558 0.000000
89.0 0.003675 0.995021 0.000567 0.000511 0.000000
90.0 0.003985 0.994840 0.000505 0.000446 0.000000
91.0 0.004272 0.994668 0.000473 0.000366 0.000000
92.0 0.004530 0.994499 0.000476 0.000273 0.000000
93.0 0.004756 0.994330 0.000509 0.000175 0.000000
94.0 0.004946 0.994159 0.000561 0.000087 0.000000
95.0 0.005096 0.993990 0.000612 0.000027 0.000000
96.0 0.005200 0.993833 0.000641 0.000008 0.000000
97.0 0.005254 0.993699 0.000639 0.000035 0.000000
98.0 0.005256 0.993604 0.000608 0.000095 0.000000
99.0 0.005202 0.993564 0.000556 0.000000 0.000171
100.0 0.005093 0.993595 0.000496 0.000000 0.000245
101.0 0.004931 0.993707 0.000434 0.000000 0.000304
102.0 0.004722 0.993906 0.000375 0.000000 0.000341
103.0 0.004473 0.994192 0.000322 0.000000 0.000355
104.0 0.004192 0.994555 0.000275 0.000000 0.000350
105.0 0.003888 0.994978 0.000233 0.000000 0.000333
106.0 0.003570 0.995437 0.000198 0.000000 0.000311
107.0 0.003245 0.995907 0.000167 0.000000 0.000293
108.0 0.002921 0.996359 0.000140 0.000000 0.000287
109.0 0.002602 0.996771 0.000118 0.000000 0.000297
110.0 0.002292 0.997123 0.000099 0.000000 0.000323
111.0 0.001993 0.997408 0.000085 0.000000 0.000364
112.0 0.001709 0.997627 0.000076 0.000000 0.000414
113.0 0.001442 0.997788 0.000072 0.000000 0.000465
114.0 0.001195 0.997910 0.000073 0.000000 0.000508
115.0 0.000974 0.998012 0.000081 0.000000 0.000532
116.0 0.000781 0.998113 0.000094 0.000000 0.000524
117.0 0.000623 0.998229 0.000113 0.000000 0.000465
118.0 0.000501 0.998366 0.000135 0.000000 0.000314
119.0 0.000420 0.998521 0.000159 0.000000 0.000135
120.0 0.000379 0.998681 0.000184 0.000000 0.000054
121.0 0.000379 0.998824 0.000206 0.000000 0.000024
122.0 0.000417 0.998928 0.000224 0.000000 0.000012
123.0 0.000490 0.998969 0.000236 0.000000 0.000006
124.0 0.000593 0.998929 0.000242 0.000000 0.000003
125.0 0.000724 0.998803 0.000239 0.000000 0.000001
126.0 0.000877 0.998595 0.000228 0.000000 0.000000
127.0 0.001051 0.998323 0.000211 0.000000 0.000000
128.0 0.001242 0.998012 0.000187 0.000000 0.000001
129.0 0.001449 0.997694 0.000160 0.000000 0.000002
130.0 0.001669 0.997397 0.000131 0.000000 0.000003
131.0 0.001900 0.997145 0.000103 0.000000 0.000004
132.0 0.002138 0.996950 0.000076 0.000000 0.000005
133.0 0.002380 0.996811 0.000053 0.000000 0.000006
134.0 0.002620 0.996714 0.000035 0.000000 0.000006
135.0 0.002852 0.996638 0.000021 0.000000 0.000007
136.0 0.003072 0.996557 0.000013 0.000000 0.000007
137.0 0.003275 0.996451 0.000009 0.000000 0.000007
138.0 0.003458 0.996305 0.000009 0.000000 0.000007
139.0 0.003618 0.996118 0.000012 0.000000 0.000007
140.0 0.003755 0.995901 0.000018 0.000000 0.000007
141.0 0.003870 0.995675 0.000024 0.000000 0.000007
142.0 0.003965 0.995467 0.000031 0.000000 0.000007
143.0 0.004042 0.995303 0.000039 0.000000 0.000007
144.0 0.004099 0.995202 0.000046 0.000000 0.000008
145.0 0.004137 0.995172 0.000052 0.000000 0.000008
146.0 0.004154 0.995209 0.000057 0.000000 0.000008
147.0 0.004148 0.995298 0.000061 0.000000 0.000008
148.0 0.004116 0.995416 0.000065 0.000000 0.000008
149.0 0.004057 0.995542 0.000067 0.000000 0.000008
150.0 0.003974 0.995658 0.000068 0.000000 0.000008
151.0 0.003868 0.995757 0.000069 0.000000 0.000007
152.0 0.003743 0.995840 0.000068 0.000000 0.000006
153.0 0.003606 0.995919 0.000067 0.000000 0.000005
154.0 0.003460 0.996011 0.000066 0.000000 0.000005
155.0 0.003308 0.996130 0.000064 0.000000 0.000004
156.0 0.003151 0.996284 0.000061 0.000000 0.000004
157.0 0.002990 0.996474 0.000059 0.000000 0.000004
158.0 0.002823 0.996690 0.000057 0.000000 0.000005
159.0 0.002649 0.996915 0.000056 0.000000 0.000005
160.0 0.002470 0.997133 0.000054 0.000000 0.000006
161.0 0.002289 0.997328 0.000054 0.000000 0.000007
162.0 0.002109 0.997495 0.000053 0.000000 0.000008
163.0 0.001934 0.997637 0.000053 0.000000 0.000008
164.0 0.001769 0.997764 0.000053 0.000000 0.000009
165.0 0.001617 0.997888 0.000053 0.000000 0.000010
166.0 0.001477 0.998019 0.000053 0.000000 0.000010
167.0 0.001349 0.998162 0.000053 0.000000 0.000009
168.0 0.001231 0.998312 0.000054 0.000000 0.000009
169.0 0.001124 0.998457 0.000054 0.000000 0.000008
170.0 0.001027 0.998582 0.000053 0.000000 0.000007
171.0 0.000942 0.998677 0.000053 0.000000 0.000006
172.0 0.000873 0.998735 0.000052 0.000000 0.000005
173.0 0.000820 0.998762 0.000051 0.000000 0.000004
174.0 0.000787 0.998767 0.000049 0.000000 0.000003
175.0 0.000770 0.998764 0.000047 0.000000 0.000003
176.0 0.000770 0.998764 0.000046 0.000000 0.000003
177.0 0.000783 0.998771 0.000044 0.000000 0.000003
178.0 0.000807 0.998779 0.000042 0.000000 0.000003
179.0 0.000844 0.998777 0.000041 0.000000 0.000004
180.0 0.000892 0.998751 0.000040 0.000000 0.000005
181.0 0.000954 0.998691 0.000039 0.000000 0.000006
182.0 0.001030 0.998596 0.000039 0.000000 0.000006
183.0 0.001119 0.998475 0.000039 0.000000 0.000007
184.0 0.001218 0.998343 0.000039 0.000000 0.000008
185.0 0.001325 0.998217 0.000040 0.000000 0.000009
186.0 0.001437 0.998107 0.000042 0.000000 0.000009
187.0 0.001551 0.998015 0.000044 0.000000 0.000009
188.0 0.001667 0.997931 0.000046 0.000000 0.000008
189.0 0.001788 0.997840 0.000048 0.000000 0.000008
190.0 0.001913 0.997729 0.000050 0.000000 0.000007
191.0 0.002042 0.997593 0.000052 0.000000 0.000006
192.0 0.002173 0.997435 0.000053 0.000000 0.000005
193.0 0.002301 0.997271 0.000055 0.000000 0.000005
194.0 0.002425 0.997120 0.000056 0.000000 0.000004
195.0 0.002540 0.996995 0.000057 0.000000 0.000003
196.0 0.002648 0.996901 0.000057 0.000000 0.000003
197.0 0.002750 0.996832 0.000057 0.000000 0.000003
198.0 0.002847 0.996771 0.000057 0.000000 0.000004
199.0 0.002940 0.996701 0.000057 0.000000 0.000004
200.0 0.003027 0.996615 0.000057 0.000000 0.000005
