#Time E_0 E_1 E_2 E_3 E_4
0.0 -7.73033834 -7.61648030 -7.48937524 -7.44039952 -7.19133458
1.0 -7.73033864 -7.61648017 -7.48937324 -7.44039738 -7.19135977
2.0 -7.73034041 -7.61647963 -7.48936743 -7.44039092 -7.19144789
3.0 -7.73034488 -7.61648000 -7.48935922 -7.44038151 -7.19160067
4.0 -7.73035411 -7.61648357 -7.48935104 -7.44037152 -7.19182040
5.0 -7.73037100 -7.61649356 -7.48934627 -7.44036429 -7.19211036
6.0 -7.73039929 -7.61651411 -7.48934929 -7.44036408 -7.19247475
7.0 -7.73044352 -7.61655025 -7.48936539 -7.44037611 -7.19291866
8.0 -7.73050900 -7.61660789 -7.48940079 -7.44040647 -7.19344804
9.0 -7.73060181 -7.61669373 -7.48946258 -7.44046209 -7.19406964
10.0 -7.73072870 -7.61681527 -7.48955866 -7.44055073 -7.19479099
11.0 -7.73089713 -7.61698076 -7.48969773 -7.44068091 -7.19562034
12.0 -7.73111517 -7.61719912 -7.48988922 -7.44086186 -7.19656658
13.0 -7.73139147 -7.61747990 -7.49014321 -7.44110348 -7.19763923
14.0 -7.73173521 -7.61783325 -7.49047044 -7.44141625 -7.19884833
15.0 -7.73215606 -7.61826981 -7.49088215 -7.44181120 -7.20020437
16.0 -7.73266410 -7.61880068 -7.49139009 -7.44229982 -7.20171825
17.0 -7.73326974 -7.61943734 -7.49200640 -7.44289399 -7.20340115
18.0 -7.73398373 -7.62019157 -7.49274359 -7.44360593 -7.20526450
19.0 -7.73481704 -7.62107542 -7.49361439 -7.44444811 -7.20731992
20.0 -7.73578080 -7.62210107 -7.49463174 -7.44543316 -7.20957908
21.0 -7.73688627 -7.62328083 -7.49580871 -7.44657385 -7.21205367
22.0 -7.73814473 -7.62462701 -7.49715835 -7.44788291 -7.21475527
23.0 -7.73956742 -7.62615187 -7.49869369 -7.44937306 -7.21769532
24.0 -7.74116552 -7.62786753 -7.50042761 -7.45105686 -7.22088501
25.0 -7.74295001 -7.62978592 -7.50237281 -7.45294667 -7.22433523
26.0 -7.74493167 -7.63191870 -7.50454167 -7.45505455 -7.22805647
27.0 -7.74712100 -7.63427717 -7.50694624 -7.45739221 -7.23205878
28.0 -7.74952814 -7.63687226 -7.50959813 -7.45997092 -7.23635168
29.0 -7.75216280 -7.63971435 -7.51250843 -7.46280144 -7.24094407
30.0 -7.75503423 -7.64281333 -7.51568764 -7.46589395 -7.24584419
31.0 -7.75815114 -7.64617845 -7.51914562 -7.46925798 -7.25105956
32.0 -7.76152167 -7.64981833 -7.52289157 -7.47290238 -7.25659697
33.0 -7.76515334 -7.65374087 -7.52693388 -7.47683525 -7.26246235
34.0 -7.76905299 -7.65795322 -7.53128016 -7.48106388 -7.26866083
35.0 -7.77322674 -7.66246172 -7.53593715 -7.48559470 -7.27519659
36.0 -7.77767994 -7.66727184 -7.54091068 -7.49043325 -7.28207287
37.0 -7.78241714 -7.67238818 -7.54620561 -7.49558412 -7.28929197
38.0 -7.78744209 -7.67781445 -7.55182584 -7.50105093 -7.29685516
39.0 -7.79275767 -7.68355341 -7.55777428 -7.50683633 -7.30476276
40.0 -7.79836593 -7.68960687 -7.56405280 -7.51294197 -7.31301407
41.0 -7.80426800 -7.69597572 -7.57066226 -7.51936847 -7.32160739
42.0 -7.81046415 -7.70265982 -7.57760245 -7.52611543 -7.33053996
43.0 -7.81695372 -7.70965808 -7.58487209 -7.53318139 -7.33980804
44.0 -7.82373515 -7.71696842 -7.59246887 -7.54056388 -7.34940686
45.0 -7.83080598 -7.72458781 -7.60038942 -7.54825938 -7.35933066
46.0 -7.83816287 -7.73251225 -7.60862935 -7.55626343 -7.36957275
47.0 -7.84580163 -7.74073685 -7.61718329 -7.56457055 -7.38012550
48.0 -7.85371719 -7.74925579 -7.62604489 -7.57317433 -7.39098039
49.0 -7.86190365 -7.75806237 -7.63520680 -7.58206743 -7.40212800
50.0 -7.87035430 -7.76714903 -7.64466082 -7.59124163 -7.41355810
51.0 -7.87906167 -7.77650741 -7.65439783 -7.60068787 -7.42525967
52.0 -7.88801753 -7.78612837 -7.66440789 -7.61039628 -7.43722095
53.0 -7.89721298 -7.79600208 -7.67468030 -7.62035628 -7.44942951
54.0 -7.90663845 -7.80611799 -7.68520362 -7.63055658 -7.46187229
55.0 -7.91628375 -7.81646496 -7.69596577 -7.64098526 -7.47453566
56.0 -7.92613812 -7.82703122 -7.70695400 -7.65162981 -7.48740545
57.0 -7.93619031 -7.83780453 -7.71815504 -7.66247721 -7.50046705
58.0 -7.94642855 -7.84877214 -7.72955512 -7.67351398 -7.51370543
59.0 -7.95684072 -7.85992092 -7.74114003 -7.68472626 -7.52710524
60.0 -7.96741431 -7.87123739 -7.75289525 -7.69609986 -7.54065090
61.0 -7.97813653 -7.88270777 -7.76480592 -7.70762034 -7.55432657
62.0 -7.98899433 -7.89431807 -7.77685695 -7.71927305 -7.56811630
63.0 -7.99997444 -7.90605408 -7.78903309 -7.73104318 -7.58200401
64.0 -8.01106347 -7.91790150 -7.80131896 -7.74291586 -7.59597361
65.0 -8.02224794 -7.92984592 -7.81369914 -7.75487619 -7.61000904
66.0 -8.03351431 -7.94187298 -7.82615823 -7.76690932 -7.62409431
67.0 -8.04484911 -7.95396833 -7.83868091 -7.77900050 -7.63821361
68.0 -8.05623888 -7.96611774 -7.85125200 -7.79113513 -7.65235130
69.0 -8.06767033 -7.97830712 -7.86385648 -7.80329882 -7.66649200
70.0 -8.07913027 -7.99052255 -7.87647958 -7.81547741 -7.68062061
71.0 -8.09060575 -8.00275037 -7.88910680 -7.82765704 -7.69472235
72.0 -8.10208402 -8.01497718 -7.90172395 -7.83982419 -7.70878284
73.0 -8.11355265 -8.02718988 -7.91431722 -7.85196568 -7.72278807
74.0 -8.12499949 -8.03937577 -7.92687322 -7.86406878 -7.73672453
75.0 -8.13641276 -8.05152249 -7.93937897 -7.87612119 -7.75057917
76.0 -8.14778105 -8.06361811 -7.95182199 -7.88811105 -7.76433943
77.0 -8.15909335 -8.07565116 -7.96419026 -7.90002701 -7.77799331
78.0 -8.17033905 -8.08761058 -7.97647230 -7.91185822 -7.79152932
79.0 -8.18150802 -8.09948584 -7.98865714 -7.92359435 -7.80493657
80.0 -8.19259055 -8.11126687 -8.00073438 -7.93522562 -7.81820472
81.0 -8.20357745 -8.12294413 -8.01269420 -7.94674278 -7.83132405
82.0 -8.21445997 -8.13450861 -8.02452732 -7.95813715 -7.84428543
83.0 -8.22522990 -8.14595183 -8.03622507 -7.96940062 -7.85708033
84.0 -8.23587950 -8.15726583 -8.04777936 -7.98052563 -7.86970084
85.0 -8.24640154 -8.16844320 -8.05918266 -7.99150517 -7.88213964
86.0 -8.25678932 -8.17947706 -8.07042804 -8.00233279 -7.89439001
87.0 -8.26703660 -8.19036108 -8.08150916 -8.01300261 -7.90644584
88.0 -8.27713769 -8.20108947 -8.09242023 -8.02350928 -7.91830160
89.0 -8.28708738 -8.21165693 -8.10315603 -8.03384799 -7.92995236
90.0 -8.29688095 -8.22205873 -8.11371190 -8.04401445 -7.94139375
91.0 -8.30651416 -8.23229062 -8.12408371 -8.05400487 -7.95262193
92.0 -8.31598324 -8.24234884 -8.13426786 -8.06381598 -7.96363362
93.0 -8.32528489 -8.25223013 -8.14426124 -8.07344495 -7.97442607
94.0 -8.33441625 -8.26193167 -8.15406124 -8.08288944 -7.98499701
95.0 -8.34337489 -8.27145114 -8.16366572 -8.09214754 -7.99534467
96.0 -8.35215880 -8.28078661 -8.17307301 -8.10121777 -8.00546775
97.0 -8.36076639 -8.28993661 -8.18228185 -8.11009907 -8.01536540
98.0 -8.36919646 -8.29890007 -8.19129144 -8.11879076 -8.02503720
99.0 -8.37744816 -8.30767630 -8.20010134 -8.12729254 -8.03448315
100.0 -8.38552101 -8.31626497 -8.20871150 -8.13560444 -8.04370362
101.0 -8.39341488 -8.32466612 -8.21712223 -8.14372685 -8.05269936
102.0 -8.40112995 -8.33288011 -8.22533417 -8.15166046 -8.06147144
103.0 -8.40866669 -8.34090761 -8.23334827 -8.15940623 -8.07002128
104.0 -8.41602587 -8.34874960 -8.24116578 -8.16696542 -8.07835060
105.0 -8.42320854 -8.35640730 -8.24878823 -8.17433955 -8.08646140
106.0 -8.43021599 -8.36388223 -8.25621740 -8.18153035 -8.09435594
107.0 -8.43704974 -8.37117613 -8.26345533 -8.18853978 -8.10203673
108.0 -8.44371154 -8.37829097 -8.27050426 -8.19537002 -8.10950651
109.0 -8.45020334 -8.38522890 -8.27736662 -8.20202341 -8.11676822
110.0 -8.45652726 -8.39199229 -8.28404504 -8.20850245 -8.12382498
111.0 -8.46268563 -8.39858366 -8.29054232 -8.21480982 -8.13068009
112.0 -8.46868089 -8.40500568 -8.29686140 -8.22094831 -8.13733700
113.0 -8.47451565 -8.41126119 -8.30300537 -8.22692084 -8.14379932
114.0 -8.48019265 -8.41735313 -8.30897743 -8.23273045 -8.15007076
115.0 -8.48571473 -8.42328457 -8.31478090 -8.23838027 -8.15615514
116.0 -8.49108485 -8.42905865 -8.32041919 -8.24387348 -8.16205639
117.0 -8.49630605 -8.43467863 -8.32589577 -8.24921338 -8.16777852
118.0 -8.50138145 -8.44014783 -8.33121422 -8.25440328 -8.17332559
119.0 -8.50631422 -8.44546960 -8.33637814 -8.25944656 -8.17870174
120.0 -8.51110761 -8.45064739 -8.34139120 -8.26434662 -8.18391116
121.0 -8.51576491 -8.45568465 -8.34625709 -8.26910690 -8.18895805
122.0 -8.52028944 -8.46058488 -8.35097953 -8.27373085 -8.19384668
123.0 -8.52468454 -8.46535159 -8.35556229 -8.27822193 -8.19858132
124.0 -8.52895360 -8.46998831 -8.36000912 -8.28258359 -8.20316626
125.0 -8.53310000 -8.47449857 -8.36432377 -8.28681929 -8.20760580
126.0 -8.53712713 -8.47888589 -8.36851001 -8.29093245 -8.21190426
127.0 -8.54103837 -8.48315379 -8.37257159 -8.29492648 -8.21606595
128.0 -8.54483711 -8.48730576 -8.37651225 -8.29880478 -8.22009520
129.0 -8.54852670 -8.49134527 -8.38033570 -8.30257069 -8.22399633
130.0 -8.55211049 -8.49527577 -8.38404564 -8.30622753 -8.22777367
131.0 -8.55559180 -8.49910066 -8.38764573 -8.30977855 -8.23143160
132.0 -8.55897393 -8.50282331 -8.39113959 -8.31322700 -8.23497448
133.0 -8.56226014 -8.50644705 -8.39453083 -8.31657603 -8.23840675
134.0 -8.56545363 -8.50997514 -8.39782301 -8.31982877 -8.24173291
135.0 -8.56855760 -8.51341083 -8.40101963 -8.32298827 -8.24495756
136.0 -8.57157519 -8.51675727 -8.40412418 -8.32605753 -8.24808547
137.0 -8.57450948 -8.52001758 -8.40714008 -8.32903950 -8.25112160
138.0 -8.57736353 -8.52319483 -8.41007073 -8.33193704 -8.25407127
139.0 -8.58014033 -8.52629200 -8.41291945 -8.33475296 -8.25694023
140.0 -8.58284281 -8.52931204 -8.41568954 -8.33749002 -8.25973491
141.0 -8.58547388 -8.53225780 -8.41838425 -8.34015087 -8.26246273
142.0 -8.58803636 -8.53513209 -8.42100678 -8.34273813 -8.26513251
143.0 -8.59053304 -8.53793765 -8.42356027 -8.34525435 -8.26775523
144.0 -8.59296664 -8.54067715 -8.42604783 -8.34770197 -8.27034504
145.0 -8.59533982 -8.54335319 -8.42847253 -8.35008342 -8.27292080
146.0 -8.59765519 -8.54596831 -8.43083736 -8.35240101 -8.27550835
147.0 -8.59991530 -8.54852496 -8.43314530 -8.35465703 -8.27814307
148.0 -8.60212263 -8.55102554 -8.43539927 -8.35685367 -8.28087160
149.0 -8.60427962 -8.55347239 -8.43760215 -8.35899308 -8.28374902
150.0 -8.60638863 -8.55586775 -8.43975679 -8.36107733 -8.28682592
151.0 -8.60845199 -8.55821383 -8.44186598 -8.36310845 -8.29012651
152.0 -8.61047194 -8.56051275 -8.44393249 -8.36508840 -8.29363423
153.0 -8.61245068 -8.56276657 -8.44595903 -8.36701912 -8.29730076
154.0 -8.61439036 -8.56497728 -8.44794830 -8.36890246 -8.30106876
155.0 -8.61629303 -8.56714680 -8.44990295 -8.37074027 -8.30488850
156.0 -8.61816074 -8.56927700 -8.45182559 -8.37253435 -8.30872286
157.0 -8.61999545 -8.57136968 -8.45371881 -8.37428646 -8.31254599
158.0 -8.62179906 -8.57342658 -8.45558515 -8.37599836 -8.31634039
159.0 -8.62357342 -8.57544938 -8.45742714 -8.37767180 -8.32009423
160.0 -8.62532034 -8.57743968 -8.45924726 -8.37930854 -8.32379941
161.0 -8.62704156 -8.57939905 -8.46104796 -8.38091035 -8.32745030
162.0 -8.62873877 -8.58132898 -8.46283167 -8.38247902 -8.33104286
163.0 -8.63041359 -8.58323092 -8.46460076 -8.38401642 -8.33457410
164.0 -8.63206762 -8.58510625 -8.46635761 -8.38552447 -8.33804164
165.0 -8.63370239 -8.58695632 -8.46810452 -8.38700519 -8.34144352
166.0 -8.63531936 -8.58878239 -8.46984378 -8.38846074 -8.34477794
167.0 -8.63691998 -8.59058571 -8.47157763 -8.38989342 -8.34804315
168.0 -8.63850562 -8.59236745 -8.47330828 -8.39130572 -8.35123735
169.0 -8.64007759 -8.59412873 -8.47503789 -8.39270037 -8.35435857
170.0 -8.64163719 -8.59587065 -8.47676856 -8.39408034 -8.35740461
171.0 -8.64318563 -8.59759425 -8.47850235 -8.39544895 -8.36037297
172.0 -8.64472411 -8.59930051 -8.48024127 -8.39680984 -8.36326081
173.0 -8.64625374 -8.60099040 -8.48198726 -8.39816705 -8.36606487
174.0 -8.64777562 -8.60266480 -8.48374220 -8.39952500 -8.36878150
175.0 -8.64929079 -8.60432460 -8.48550789 -8.40088855 -8.37140660
176.0 -8.65080023 -8.60597062 -8.48728607 -8.40226288 -8.37393570
177.0 -8.65230490 -8.60760366 -8.48907838 -8.40365350 -8.37636403
178.0 -8.65380569 -8.60922445 -8.49088640 -8.40506601 -8.37868667
179.0 -8.65530347 -8.61083374 -8.49271159 -8.40650598 -8.38089877
180.0 -8.65679905 -8.61243219 -8.49455533 -8.40797858 -8.38299583
181.0 -8.65829320 -8.61402047 -8.49641888 -8.40948833 -8.38497404
182.0 -8.65978665 -8.61559919 -8.49830343 -8.41103872 -8.38683064
183.0 -8.66128008 -8.61716894 -8.50021002 -8.41263191 -8.38856417
184.0 -8.66277416 -8.61873028 -8.50213959 -8.41426855 -8.39017476
185.0 -8.66426947 -8.62028375 -8.50409298 -8.41594772 -8.39166409
186.0 -8.66576658 -8.62182984 -8.50607090 -8.41766701 -8.39303539
187.0 -8.66726603 -8.62336904 -8.50807391 -8.41942281 -8.39429312
188.0 -8.66876830 -8.62490180 -8.51010251 -8.42121059 -8.39544270
189.0 -8.67027384 -8.62642854 -8.51215703 -8.42302527 -8.39649012
190.0 -8.67178306 -8.62794967 -8.51423771 -8.42486159 -8.39744164
191.0 -8.67329634 -8.62946558 -8.51634467 -8.42671435 -8.39830345
192.0 -8.67481402 -8.63097661 -8.51847790 -8.42857864 -8.39908153
193.0 -8.67633642 -8.63248311 -8.52063733 -8.43044999 -8.39978145
194.0 -8.67786379 -8.63398539 -8.52282273 -8.43232440 -8.40040834
195.0 -8.67939639 -8.63548375 -8.52503381 -8.43419839 -8.40096686
196.0 -8.68093442 -8.63697846 -8.52727018 -8.43606903 -8.40146117
197.0 -8.68247805 -8.63846979 -8.52953137 -8.43793381 -8.40189500
198.0 -8.68402744 -8.63995798 -8.53181683 -8.43979071 -8.40227165
199.0 -8.68558271 -8.64144323 -8.53412593 -8.44163807 -8.40259408
200.0 -8.68714393 -8.64292577 -8.53645799 -8.44347458 -8.40286491
