# Time Pop_0 Pop_1 Pop_2 Pop_3 Pop_4
0.0 0.000000 1.000000 0.000000 0.000000 0.000000
1.0 0.000000 1.000000 0.000000 0.000000 0.000000
2.0 0.000000 1.000000 0.000000 0.000000 0.000000
3.0 0.000000 0.999999 0.000000 0.000000 0.000000
4.0 0.000000 0.999995 0.000000 0.000000 0.000000
5.0 0.000000 0.999989 0.000000 0.000001 0.000000
6.0 0.000000 0.999976 0.000000 0.000001 0.000001
7.0 0.000000 0.999956 0.000001 0.000002 0.000002
8.0 0.000000 0.999926 0.000002 0.000004 0.000003
9.0 0.000000 0.999882 0.000003 0.000006 0.000005
10.0 0.000000 0.999821 0.000004 0.000010 0.000008
11.0 0.000000 0.999737 0.000006 0.000016 0.000013
12.0 0.000001 0.999627 0.000009 0.000023 0.000018
13.0 0.000001 0.999485 0.000013 0.000033 0.000025
14.0 0.000001 0.999311 0.000018 0.000045 0.000034
15.0 0.000002 0.999096 0.000024 0.000062 0.000044
16.0 0.000003 0.998838 0.000031 0.000082 0.000056
17.0 0.000004 0.998528 0.000041 0.000106 0.000070
18.0 0.000005 0.998158 0.000052 0.000135 0.000086
19.0 0.000007 0.997727 0.000065 0.000169 0.000105
20.0 0.000009 0.997227 0.000081 0.000208 0.000127
21.0 0.000012 0.996658 0.000100 0.000253 0.000152
22.0 0.000016 0.996011 0.000122 0.000303 0.000181
23.0 0.000020 0.995284 0.000146 0.000358 0.000214
24.0 0.000026 0.994462 0.000174 0.000417 0.000252
25.0 0.000033 0.993548 0.000205 0.000480 0.000294
26.0 0.000041 0.992535 0.000239 0.000547 0.000341
27.0 0.000050 0.991426 0.000277 0.000615 0.000392
28.0 0.000061 0.990222 0.000318 0.000685 0.000447
29.0 0.000074 0.988915 0.000362 0.000754 0.000506
30.0 0.000089 0.987506 0.000409 0.000823 0.000568
31.0 0.000106 0.985979 0.000459 0.000889 0.000633
32.0 0.000125 0.984347 0.000511 0.000951 0.000702
33.0 0.000146 0.982597 0.000566 0.001008 0.000774
34.0 0.000170 0.980747 0.000622 0.001058 0.000851
35.0 0.000197 0.978791 0.000679 0.001102 0.000934
36.0 0.000226 0.976726 0.000737 0.001137 0.001022
37.0 0.000258 0.974549 0.000796 0.001163 0.001115
38.0 0.000293 0.972253 0.000854 0.001181 0.001215
39.0 0.000330 0.969847 0.000911 0.001189 0.001320
40.0 0.000370 0.967325 0.000966 0.001187 0.001429
41.0 0.000413 0.964721 0.001020 0.001176 0.001542
42.0 0.000459 0.962009 0.001070 0.001155 0.001657
43.0 0.000507 0.959206 0.001118 0.001127 0.001773
44.0 0.000557 0.956304 0.001161 0.001090 0.001890
45.0 0.000610 0.953295 0.001201 0.001047 0.002007
46.0 0.000665 0.950196 0.001235 0.000998 0.002124
47.0 0.000722 0.947001 0.001265 0.000944 0.002243
48.0 0.000781 0.943742 0.001289 0.000886 0.002365
49.0 0.000843 0.940388 0.001308 0.000825 0.002489
50.0 0.000907 0.936968 0.001321 0.000762 0.002618
51.0 0.000972 0.933456 0.001329 0.000698 0.002750
52.0 0.001039 0.929858 0.001331 0.000634 0.002884
53.0 0.001109 0.926195 0.001328 0.000570 0.003020
54.0 0.001181 0.922461 0.001319 0.000507 0.003157
55.0 0.001255 0.918693 0.001304 0.000446 0.003293
56.0 0.001332 0.914857 0.001285 0.000387 0.003426
57.0 0.001413 0.910998 0.001261 0.000331 0.003556
58.0 0.001497 0.907066 0.001232 0.000277 0.003681
59.0 0.001585 0.903095 0.001200 0.000228 0.003801
60.0 0.001677 0.899091 0.001164 0.000181 0.003918
61.0 0.001775 0.895041 0.001126 0.000140 0.004033
62.0 0.001877 0.890986 0.001084 0.000102 0.004149
63.0 0.001986 0.886894 0.001042 0.000070 0.004264
64.0 0.002102 0.882788 0.000997 0.000045 0.004382
65.0 0.002225 0.878632 0.000952 0.000025 0.004499
66.0 0.002357 0.874464 0.000906 0.000013 0.004616
67.0 0.002497 0.870268 0.000860 0.000009 0.004732
68.0 0.002647 0.866056 0.000815 0.000015 0.004845
69.0 0.002808 0.861866 0.000770 0.000030 0.004953
70.0 0.002979 0.857656 0.000726 0.000056 0.005054
71.0 0.003162 0.853459 0.000684 0.000093 0.005148
72.0 0.003356 0.849249 0.000643 0.000144 0.005235
73.0 0.003562 0.845031 0.000604 0.000207 0.005316
74.0 0.003781 0.840815 0.000567 0.000284 0.005392
75.0 0.004012 0.836592 0.000532 0.000375 0.005466
76.0 0.004257 0.832395 0.000499 0.000481 0.005540
77.0 0.004515 0.828192 0.000469 0.000601 0.005614
78.0 0.004785 0.824010 0.000440 0.000735 0.005689
79.0 0.005067 0.819839 0.000414 0.000882 0.005762
80.0 0.005361 0.815662 0.000390 0.001043 0.005832
81.0 0.005666 0.811521 0.000368 0.001215 0.005899
82.0 0.005982 0.807391 0.000347 0.001399 0.005958
83.0 0.006309 0.803308 0.000328 0.001593 0.006010
84.0 0.006646 0.799256 0.000310 0.001796 0.006055
85.0 0.006992 0.795253 0.000293 0.002005 0.006092
86.0 0.007347 0.791292 0.000278 0.002220 0.006122
87.0 0.007710 0.787345 0.000263 0.002438 0.006146
88.0 0.008079 0.783472 0.000249 0.002660 0.006165
89.0 0.008454 0.779607 0.000236 0.002882 0.006182
90.0 0.008833 0.775808 0.000224 0.003105 0.006198
91.0 0.009217 0.772072 0.000212 0.003327 0.006213
92.0 0.009603 0.768370 0.000200 0.003546 0.006228
93.0 0.009991 0.764753 0.000189 0.003763 0.006240
94.0 0.010382 0.761168 0.000178 0.003975 0.006249
95.0 0.010774 0.757653 0.000168 0.004185 0.006253
96.0 0.011166 0.754180 0.000157 0.004392 0.006249
97.0 0.011559 0.750761 0.000148 0.004594 0.006238
98.0 0.011951 0.747417 0.000139 0.004795 0.006221
99.0 0.012345 0.744108 0.000131 0.004991 0.006197
100.0 0.012738 0.740887 0.000125 0.005187 0.006169
101.0 0.013131 0.737706 0.000119 0.005382 0.006136
102.0 0.013524 0.734569 0.000114 0.005576 0.006101
103.0 0.013916 0.731487 0.000111 0.005772 0.006064
104.0 0.014309 0.728423 0.000109 0.005968 0.006027
105.0 0.014701 0.725410 0.000109 0.006167 0.005990
106.0 0.015096 0.722423 0.000110 0.006367 0.005954
107.0 0.015494 0.719482 0.000113 0.006571 0.005917
108.0 0.015896 0.716584 0.000117 0.006778 0.005879
109.0 0.016305 0.713704 0.000123 0.006989 0.005839
110.0 0.016719 0.710877 0.000130 0.007206 0.005794
111.0 0.017142 0.708055 0.000139 0.007424 0.005744
112.0 0.017573 0.705253 0.000149 0.007647 0.005688
113.0 0.018013 0.702488 0.000160 0.007872 0.005626
114.0 0.018467 0.699714 0.000173 0.008098 0.005561
115.0 0.018933 0.696976 0.000186 0.008327 0.005493
116.0 0.019416 0.694254 0.000200 0.008555 0.005423
117.0 0.019915 0.691533 0.000215 0.008783 0.005355
118.0 0.020431 0.688841 0.000230 0.009008 0.005288
119.0 0.020968 0.686144 0.000244 0.009231 0.005222
120.0 0.021522 0.683464 0.000258 0.009449 0.005157
121.0 0.022098 0.680780 0.000272 0.009663 0.005092
122.0 0.022697 0.678099 0.000285 0.009872 0.005026
123.0 0.023318 0.675431 0.000297 0.010075 0.004958
124.0 0.023967 0.672737 0.000308 0.010272 0.004886
125.0 0.024641 0.670070 0.000318 0.010460 0.004811
126.0 0.025343 0.667390 0.000327 0.010642 0.004732
127.0 0.026072 0.664698 0.000335 0.010816 0.004649
128.0 0.026828 0.662032 0.000341 0.010984 0.004564
129.0 0.027612 0.659330 0.000347 0.011149 0.004477
130.0 0.028421 0.656636 0.000352 0.011308 0.004390
131.0 0.029258 0.653931 0.000355 0.011464 0.004304
132.0 0.030121 0.651197 0.000358 0.011614 0.004219
133.0 0.031010 0.648468 0.000361 0.011762 0.004138
134.0 0.031926 0.645702 0.000363 0.011907 0.004058
135.0 0.032867 0.642931 0.000366 0.012051 0.003981
136.0 0.033834 0.640137 0.000369 0.012198 0.003905
137.0 0.034825 0.637304 0.000373 0.012348 0.003829
138.0 0.035838 0.634469 0.000380 0.012503 0.003750
139.0 0.036876 0.631584 0.000388 0.012660 0.003668
140.0 0.037935 0.628679 0.000398 0.012820 0.003581
141.0 0.039016 0.625767 0.000411 0.012986 0.003488
142.0 0.040121 0.622810 0.000428 0.013154 0.003389
143.0 0.041247 0.619853 0.000447 0.013329 0.003281
144.0 0.042398 0.616870 0.000471 0.013509 0.003160
145.0 0.043572 0.613847 0.000499 0.013694 0.003022
146.0 0.044765 0.610807 0.000530 0.013883 0.002857
147.0 0.045986 0.607721 0.000566 0.014072 0.002651
148.0 0.047226 0.604601 0.000606 0.014262 0.002394
149.0 0.048486 0.601455 0.000649 0.014452 0.002078
150.0 0.049773 0.598274 0.000696 0.014642 0.001717
151.0 0.051077 0.595074 0.000746 0.014831 0.001354
152.0 0.052409 0.591841 0.000798 0.015016 0.001033
153.0 0.053771 0.588581 0.000854 0.015199 0.000777
154.0 0.055157 0.585295 0.000911 0.015375 0.000588
155.0 0.056581 0.581962 0.000969 0.015545 0.000451
156.0 0.058037 0.578612 0.001028 0.015709 0.000352
157.0 0.059527 0.575226 0.001087 0.015865 0.000281
158.0 0.061056 0.571799 0.001146 0.016016 0.000230
159.0 0.062617 0.568367 0.001206 0.016159 0.000192
160.0 0.064214 0.564883 0.001263 0.016293 0.000164
161.0 0.065845 0.561366 0.001319 0.016420 0.000144
162.0 0.067511 0.557827 0.001374 0.016541 0.000130
163.0 0.069211 0.554218 0.001426 0.016655 0.000121
164.0 0.070947 0.550582 0.001477 0.016764 0.000115
165.0 0.072720 0.546902 0.001526 0.016872 0.000113
166.0 0.074528 0.543160 0.001575 0.016974 0.000115
167.0 0.076372 0.539397 0.001624 0.017074 0.000121
168.0 0.078252 0.535580 0.001674 0.017170 0.000130
169.0 0.080163 0.531727 0.001724 0.017260 0.000143
170.0 0.082107 0.527848 0.001776 0.017349 0.000161
171.0 0.084080 0.523920 0.001831 0.017435 0.000186
172.0 0.086084 0.519974 0.001888 0.017518 0.000219
173.0 0.088114 0.515983 0.001950 0.017598 0.000261
174.0 0.090173 0.511957 0.002016 0.017671 0.000315
175.0 0.092259 0.507906 0.002087 0.017734 0.000384
176.0 0.094367 0.503796 0.002164 0.017781 0.000472
177.0 0.096502 0.499664 0.002246 0.017810 0.000583
178.0 0.098653 0.495492 0.002334 0.017817 0.000719
179.0 0.100821 0.491274 0.002427 0.017798 0.000885
180.0 0.103006 0.487048 0.002525 0.017754 0.001084
181.0 0.105200 0.482784 0.002627 0.017680 0.001317
182.0 0.107407 0.478506 0.002731 0.017579 0.001583
183.0 0.109627 0.474223 0.002837 0.017451 0.001881
184.0 0.111857 0.469917 0.002943 0.017300 0.002205
185.0 0.114102 0.465609 0.003049 0.017132 0.002548
186.0 0.116358 0.461290 0.003154 0.016956 0.002901
187.0 0.118627 0.456956 0.003255 0.016779 0.003256
188.0 0.120906 0.452619 0.003353 0.016609 0.003605
189.0 0.123191 0.448271 0.003446 0.016453 0.003941
190.0 0.125482 0.443923 0.003532 0.016318 0.004258
191.0 0.127768 0.439577 0.003611 0.016204 0.004552
192.0 0.130053 0.435236 0.003682 0.016117 0.004821
193.0 0.132331 0.430914 0.003744 0.016055 0.005064
194.0 0.134595 0.426599 0.003797 0.016018 0.005280
195.0 0.136849 0.422305 0.003842 0.016006 0.005468
196.0 0.139088 0.418035 0.003879 0.016017 0.005631
197.0 0.141303 0.413777 0.003908 0.016051 0.005769
198.0 0.143500 0.409551 0.003930 0.016108 0.005885
199.0 0.145672 0.405354 0.003946 0.016186 0.005981
200.0 0.147807 0.401186 0.003957 0.016284 0.006060
