#Time E_0 E_1 E_2 E_3 E_4
0.0 -7.73787446 -7.62166357 -7.49518309 -7.44413110 -7.22990971
1.0 -7.73796678 -7.62173833 -7.49524954 -7.44417626 -7.22993650
2.0 -7.73824477 -7.62196294 -7.49544884 -7.44431179 -7.23002840
3.0 -7.73870860 -7.62233829 -7.49578089 -7.44453825 -7.23018711
4.0 -7.73935848 -7.62286581 -7.49624554 -7.44485655 -7.23041485
5.0 -7.74019470 -7.62354751 -7.49684256 -7.44526798 -7.23071474
6.0 -7.74121759 -7.62438587 -7.49757164 -7.44577416 -7.23109066
7.0 -7.74242753 -7.62538383 -7.49843237 -7.44637708 -7.23154732
8.0 -7.74382490 -7.62654472 -7.49942427 -7.44707907 -7.23209017
9.0 -7.74541012 -7.62787226 -7.50054677 -7.44788285 -7.23272539
10.0 -7.74718361 -7.62937049 -7.50179923 -7.44879149 -7.23345983
11.0 -7.74914576 -7.63104364 -7.50318090 -7.44980842 -7.23430096
12.0 -7.75129695 -7.63289621 -7.50469102 -7.45093745 -7.23525690
13.0 -7.75363756 -7.63493281 -7.50632873 -7.45218272 -7.23633628
14.0 -7.75616793 -7.63715817 -7.50809316 -7.45354875 -7.23754827
15.0 -7.75888833 -7.63957701 -7.50998340 -7.45504033 -7.23890251
16.0 -7.76179897 -7.64219406 -7.51199848 -7.45666254 -7.24040906
17.0 -7.76489994 -7.64501389 -7.51413741 -7.45842071 -7.24207834
18.0 -7.76819121 -7.64804096 -7.51639917 -7.46032032 -7.24392113
19.0 -7.77167264 -7.65127950 -7.51878273 -7.46236699 -7.24594851
20.0 -7.77534397 -7.65473355 -7.52128706 -7.46456640 -7.24817182
21.0 -7.77920476 -7.65840684 -7.52391114 -7.46692424 -7.25060266
22.0 -7.78325437 -7.66230275 -7.52665391 -7.46944607 -7.25325280
23.0 -7.78749196 -7.66642431 -7.52951433 -7.47213723 -7.25613417
24.0 -7.79191647 -7.67077413 -7.53249135 -7.47500283 -7.25925884
25.0 -7.79652667 -7.67535448 -7.53558397 -7.47804763 -7.26263905
26.0 -7.80132107 -7.68016716 -7.53879117 -7.48127591 -7.26628711
27.0 -7.80629789 -7.68521345 -7.54211192 -7.48469139 -7.27021538
28.0 -7.81145509 -7.69049414 -7.54554515 -7.48829714 -7.27443626
29.0 -7.81679033 -7.69600952 -7.54908979 -7.49209555 -7.27896214
30.0 -7.82230099 -7.70175931 -7.55274474 -7.49608818 -7.28380544
31.0 -7.82798412 -7.70774266 -7.55650884 -7.50027577 -7.28897847
32.0 -7.83383648 -7.71395813 -7.56038086 -7.50465816 -7.29449350
33.0 -7.83985452 -7.72040365 -7.56435952 -7.50923428 -7.30036263
34.0 -7.84603441 -7.72707660 -7.56844349 -7.51400214 -7.30659784
35.0 -7.85237199 -7.73397365 -7.57263131 -7.51895880 -7.31321082
36.0 -7.85886278 -7.74109077 -7.57692138 -7.52410038 -7.32021290
37.0 -7.86550194 -7.74842318 -7.58131196 -7.52942205 -7.32761491
38.0 -7.87228436 -7.75596540 -7.58580116 -7.53491814 -7.33542708
39.0 -7.87920464 -7.76371120 -7.59038693 -7.54058216 -7.34365895
40.0 -7.88625712 -7.77165363 -7.59506705 -7.54640687 -7.35231909
41.0 -7.89343588 -7.77978496 -7.59983912 -7.55238435 -7.36141499
42.0 -7.90073475 -7.78809669 -7.60470051 -7.55850608 -7.37095272
43.0 -7.90814736 -7.79657956 -7.60964841 -7.56476297 -7.38093676
44.0 -7.91566709 -7.80522354 -7.61467977 -7.57114552 -7.39136974
45.0 -7.92328719 -7.81401784 -7.61979131 -7.57764383 -7.40225213
46.0 -7.93100075 -7.82295098 -7.62497956 -7.58424774 -7.41358213
47.0 -7.93880075 -7.83201079 -7.63024080 -7.59094688 -7.42535536
48.0 -7.94668007 -7.84118441 -7.63557110 -7.59773074 -7.43756481
49.0 -7.95463154 -7.85045841 -7.64096632 -7.60458874 -7.45020069
50.0 -7.96264800 -7.85981879 -7.64642214 -7.61151036 -7.46325054
51.0 -7.97072227 -7.86925106 -7.65193401 -7.61848509 -7.47669917
52.0 -7.97884723 -7.87874027 -7.65749724 -7.62550256 -7.49052885
53.0 -7.98701583 -7.88827111 -7.66310697 -7.63255255 -7.50471956
54.0 -7.99522112 -7.89782802 -7.66875822 -7.63962509 -7.51924920
55.0 -8.00345634 -7.90739522 -7.67444590 -7.64671044 -7.53409398
56.0 -8.01171481 -7.91695679 -7.68016484 -7.65379913 -7.54922861
57.0 -8.01999003 -7.92649675 -7.68590979 -7.66088198 -7.56462668
58.0 -8.02827565 -7.93599916 -7.69167546 -7.66795011 -7.58026096
59.0 -8.03656551 -7.94544822 -7.69745661 -7.67499500 -7.59610376
60.0 -8.04485365 -7.95482843 -7.70324805 -7.68200850 -7.61212727
61.0 -8.05313426 -7.96412460 -7.70904474 -7.68898281 -7.62830363
62.0 -8.06140166 -7.97332195 -7.71484184 -7.69591046 -7.64460524
63.0 -8.06965031 -7.98240629 -7.72063490 -7.70278438 -7.66100470
64.0 -8.07787474 -7.99136404 -7.72642022 -7.70959788 -7.67747483
65.0 -8.08606959 -8.00018238 -7.73219558 -7.71634477 -7.69398780
66.0 -8.09422948 -8.00884930 -7.73796293 -7.72302011 -7.71051189
67.0 -8.10234902 -8.01735366 -7.74374060 -7.72963891 -7.72698064
68.0 -8.11042281 -8.02568533 -7.74969935 -7.74329166 -7.73610145
69.0 -8.11844541 -8.03383522 -7.76063835 -7.75449974 -7.74252427
70.0 -8.12641128 -8.04179529 -7.77678218 -7.76041506 -7.74884483
71.0 -8.13431481 -8.04955859 -7.79307214 -7.76607250 -7.75506100
72.0 -8.14215033 -8.05711929 -7.80930096 -7.77166095 -7.76116702
73.0 -8.14991212 -8.06447263 -7.82542910 -7.77720412 -7.76715642
74.0 -8.15759446 -8.07161499 -7.84143515 -7.78270975 -7.77302236
75.0 -8.16519165 -8.07854373 -7.85730282 -7.78818235 -7.77875788
76.0 -8.17269806 -8.08525726 -7.87301821 -7.79362549 -7.78435623
77.0 -8.18010817 -8.09175493 -7.88856897 -7.79904216 -7.78981129
78.0 -8.18741665 -8.09803698 -7.90394398 -7.80443454 -7.79511808
79.0 -8.19461838 -8.10410454 -7.91913315 -7.80980376 -7.80027312
80.0 -8.20170852 -8.10995955 -7.93412722 -7.81514970 -7.80527459
81.0 -8.20868253 -8.11560474 -7.94891768 -7.82047118 -7.81012227
82.0 -8.21553625 -8.12104366 -7.96349665 -7.82576621 -7.81481720
83.0 -8.22226590 -8.12628071 -7.97785669 -7.83103242 -7.81936127
84.0 -8.22886811 -8.13132117 -7.99199063 -7.83626740 -7.82375682
85.0 -8.23533995 -8.13617136 -8.00589134 -7.84146902 -7.82800636
86.0 -8.24167892 -8.14083884 -8.01955143 -7.84663554 -7.83211238
87.0 -8.24788297 -8.14533273 -8.03296281 -7.85176576 -7.83607722
88.0 -8.25395050 -8.14966423 -8.04611614 -7.85685894 -7.83990312
89.0 -8.25988038 -8.15384736 -8.05899996 -7.86191485 -7.84359217
90.0 -8.26567188 -8.15790019 -8.07159943 -7.86693364 -7.84714638
91.0 -8.27132472 -8.16184670 -8.08389436 -7.87191587 -7.85056772
92.0 -8.27683903 -8.16571976 -8.09585621 -7.87686243 -7.85385817
93.0 -8.28221535 -8.16956593 -8.10744321 -7.88177449 -7.85701976
94.0 -8.28745459 -8.17345288 -8.11859286 -7.88665356 -7.86005459
95.0 -8.29255803 -8.17748054 -8.12921072 -7.89150141 -7.86296491
96.0 -8.29752732 -8.18179471 -8.13915678 -7.89632016 -7.86575313
97.0 -8.30236449 -8.18659441 -8.14823807 -7.90111230 -7.86842191
98.0 -8.30707187 -8.19210772 -8.15623269 -7.90588076 -7.87097424
99.0 -8.31165217 -8.19850799 -8.16297361 -7.91062904 -7.87341358
100.0 -8.31610844 -8.20580873 -8.16845371 -7.91536127 -7.87574421
101.0 -8.32044409 -8.21385192 -8.17283735 -7.92008245 -7.87797194
102.0 -8.32466293 -8.22240620 -8.17636217 -7.92479860 -7.88010620
103.0 -8.32876919 -8.23126170 -8.17924412 -7.92951702 -7.88216735
104.0 -8.33276756 -8.24026356 -8.18164391 -7.93424659 -7.88422709
105.0 -8.33666332 -8.24930685 -8.18367187 -7.93899802 -7.88688792
106.0 -8.34046242 -8.25832209 -8.18540233 -7.94378424 -7.89288592
107.0 -8.34417168 -8.26726274 -8.18688594 -7.94862057 -7.90013390
108.0 -8.34779898 -8.27609648 -8.18815807 -7.95352490 -7.90735808
109.0 -8.35135368 -8.28479945 -8.18924423 -7.95851746 -7.91442076
110.0 -8.35484701 -8.29335231 -8.19016344 -7.96362015 -7.92127464
111.0 -8.35829284 -8.30173748 -8.19093033 -7.96885529 -7.92788786
112.0 -8.36170865 -8.30993667 -8.19155653 -7.97424359 -7.93423450
113.0 -8.36511693 -8.31792864 -8.19205155 -7.97980170 -7.94029417
114.0 -8.36854708 -8.32568663 -8.19242335 -7.98553965 -7.94605364
115.0 -8.37203788 -8.33317549 -8.19267876 -7.99145922 -7.95150821
116.0 -8.37564015 -8.34034874 -8.19282376 -7.99755342 -7.95666197
117.0 -8.37941834 -8.34714672 -8.19286368 -8.00380765 -7.96152670
118.0 -8.38344841 -8.35349862 -8.19280331 -8.01020185 -7.96611967
119.0 -8.38780755 -8.35933260 -8.19264703 -8.01671299 -7.97046112
120.0 -8.39255419 -8.36459569 -8.19239889 -8.02331734 -7.97457205
121.0 -8.39770589 -8.36927581 -8.19206266 -8.02999211 -7.97847258
122.0 -8.40323124 -8.37340990 -8.19164184 -8.03671638 -7.98218097
123.0 -8.40906315 -8.37707049 -8.19113977 -8.04347163 -7.98571326
124.0 -8.41512238 -8.38034221 -8.19055960 -8.05024168 -7.98908320
125.0 -8.42133578 -8.38330349 -8.18990431 -8.05701265 -7.99230239
126.0 -8.42764418 -8.38601862 -8.18917677 -8.06377263 -7.99538053
127.0 -8.43400305 -8.38853713 -8.18837973 -8.07051149 -7.99832575
128.0 -8.44038007 -8.39089617 -8.18751584 -8.07722052 -8.00114485
129.0 -8.44675221 -8.39312345 -8.18658766 -8.08389226 -8.00384356
130.0 -8.45310315 -8.39523977 -8.18559770 -8.09052026 -8.00642671
131.0 -8.45942136 -8.39726095 -8.18454842 -8.09709888 -8.00889847
132.0 -8.46569874 -8.39919922 -8.18344228 -8.10362315 -8.01126244
133.0 -8.47192957 -8.40106421 -8.18228177 -8.11008860 -8.01352178
134.0 -8.47810988 -8.40286360 -8.18106949 -8.11649110 -8.01567934
135.0 -8.48423696 -8.40460366 -8.17980828 -8.12282666 -8.01773769
136.0 -8.49030896 -8.40628956 -8.17850143 -8.12909116 -8.01969918
137.0 -8.49632470 -8.40792562 -8.17715319 -8.13527978 -8.02156605
138.0 -8.50228348 -8.40951551 -8.17576985 -8.14138591 -8.02334041
139.0 -8.50818492 -8.41106236 -8.17436257 -8.14739829 -8.02502428
140.0 -8.51402893 -8.41256889 -8.17295645 -8.15329186 -8.02661965
141.0 -8.51981555 -8.41403744 -8.17162961 -8.15898871 -8.02812848
142.0 -8.52554497 -8.41547010 -8.17078428 -8.16408698 -8.02955273
143.0 -8.53121746 -8.41686867 -8.17267473 -8.16633286 -8.03089436
144.0 -8.53683334 -8.41823476 -8.17751583 -8.16551206 -8.03215542
145.0 -8.54239297 -8.41956980 -8.18288115 -8.16405171 -8.03333807
146.0 -8.54789672 -8.42087505 -8.18829962 -8.16242365 -8.03444475
147.0 -8.55334494 -8.42215164 -8.19368503 -8.16071494 -8.03547848
148.0 -8.55873802 -8.42340058 -8.19901150 -8.15895242 -8.03644394
149.0 -8.56407629 -8.42462277 -8.20426867 -8.15714744 -8.03735191
150.0 -8.56936011 -8.42581901 -8.20945158 -8.15530605 -8.03825225
151.0 -8.57458977 -8.42699003 -8.21455761 -8.15343199 -8.03981499
152.0 -8.57976558 -8.42813647 -8.21958528 -8.15152793 -8.04290423
153.0 -8.58488779 -8.42925890 -8.22453375 -8.14959596 -8.04615842
154.0 -8.58995664 -8.43035785 -8.22940257 -8.14763778 -8.04938936
155.0 -8.59497235 -8.43143376 -8.23419156 -8.14565493 -8.05257756
156.0 -8.59993512 -8.43248707 -8.23890073 -8.14364877 -8.05571856
157.0 -8.60484511 -8.43351812 -8.24353019 -8.14162057 -8.05881108
158.0 -8.60970248 -8.43452728 -8.24808021 -8.13957150 -8.06185486
159.0 -8.61450737 -8.43551482 -8.25255111 -8.13750272 -8.06485000
160.0 -8.61925988 -8.43648103 -8.25694330 -8.13541531 -8.06779682
161.0 -8.62396014 -8.43742615 -8.26125726 -8.13331030 -8.07069568
162.0 -8.62860823 -8.43835041 -8.26549351 -8.13118872 -8.07354702
163.0 -8.63320422 -8.43925400 -8.26965262 -8.12905156 -8.07635129
164.0 -8.63774820 -8.44013713 -8.27373522 -8.12689978 -8.07910894
165.0 -8.64224023 -8.44099996 -8.27774194 -8.12473434 -8.08182044
166.0 -8.64668037 -8.44184266 -8.28167348 -8.12255618 -8.08448623
167.0 -8.65106867 -8.44266538 -8.28553056 -8.12036625 -8.08710674
168.0 -8.65540519 -8.44346827 -8.28931390 -8.11816550 -8.08968236
169.0 -8.65968998 -8.44425147 -8.29302427 -8.11595498 -8.09221339
170.0 -8.66392310 -8.44501512 -8.29666244 -8.11373587 -8.09469996
171.0 -8.66810461 -8.44575936 -8.30022923 -8.11150980 -8.09714172
172.0 -8.67223456 -8.44648431 -8.30372542 -8.10927997 -8.09953677
173.0 -8.67631303 -8.44719011 -8.30715186 -8.10705796 -8.10187477
174.0 -8.68034009 -8.44787689 -8.31050936 -8.10506577 -8.10393498
175.0 -8.68431581 -8.44854479 -8.31379877 -8.10658454 -8.10243747
176.0 -8.68824028 -8.44919394 -8.31702094 -8.10878985 -8.10020789
177.0 -8.69211361 -8.44982449 -8.32017671 -8.11097723 -8.09795189
178.0 -8.69593588 -8.45043658 -8.32326694 -8.11313006 -8.09568729
179.0 -8.69970722 -8.45103035 -8.32629247 -8.11524561 -8.09341796
180.0 -8.70342775 -8.45160595 -8.32925417 -8.11732334 -8.09114562
181.0 -8.70709759 -8.45216355 -8.33215288 -8.11936326 -8.08887140
182.0 -8.71071690 -8.45270330 -8.33498944 -8.12136563 -8.08659617
183.0 -8.71428582 -8.45322536 -8.33776471 -8.12333079 -8.08432072
184.0 -8.71780452 -8.45372990 -8.34047952 -8.12525912 -8.08204579
185.0 -8.72127317 -8.45421710 -8.34313470 -8.12715104 -8.07977208
186.0 -8.72469196 -8.45468714 -8.34573109 -8.12900697 -8.07750028
187.0 -8.72806108 -8.45514020 -8.34826949 -8.13082733 -8.07523109
188.0 -8.73138075 -8.45557648 -8.35075071 -8.13261257 -8.07296519
189.0 -8.73465116 -8.45599616 -8.35317557 -8.13436310 -8.07070329
190.0 -8.73787256 -8.45639944 -8.35554485 -8.13607937 -8.06844611
191.0 -8.74104518 -8.45678654 -8.35785932 -8.13776180 -8.06619439
192.0 -8.74416926 -8.45715765 -8.36011977 -8.13941083 -8.06394893
193.0 -8.74724505 -8.45751299 -8.36232695 -8.14102688 -8.06171057
194.0 -8.75027283 -8.45785278 -8.36448161 -8.14261037 -8.05948021
195.0 -8.75325287 -8.45817724 -8.36658449 -8.14416174 -8.05725887
196.0 -8.75618545 -8.45848659 -8.36863631 -8.14568139 -8.05504769
197.0 -8.75907085 -8.45878107 -8.37063779 -8.14716974 -8.05284797
198.0 -8.76190939 -8.45906090 -8.37258964 -8.14862722 -8.05066127
199.0 -8.76470137 -8.45932633 -8.37449254 -8.15005422 -8.04848942
200.0 -8.76744711 -8.45957759 -8.37634717 -8.15145117 -8.04633473
