# Time Pop_0 Pop_1 Pop_2 Pop_3 Pop_4
0.0 0.000000 1.000000 0.000000 0.000000 0.000000
1.0 0.000000 1.000000 0.000000 0.000000 0.000000
2.0 0.000000 0.999999 0.000000 0.000000 0.000000
3.0 0.000001 0.999994 0.000000 0.000001 0.000000
4.0 0.000004 0.999984 0.000001 0.000003 0.000000
5.0 0.000009 0.999962 0.000002 0.000007 0.000000
6.0 0.000018 0.999925 0.000004 0.000014 0.000000
7.0 0.000033 0.999864 0.000007 0.000025 0.000001
8.0 0.000057 0.999772 0.000012 0.000040 0.000001
9.0 0.000092 0.999642 0.000019 0.000060 0.000001
10.0 0.000141 0.999461 0.000028 0.000085 0.000002
11.0 0.000208 0.999221 0.000041 0.000114 0.000002
12.0 0.000296 0.998912 0.000057 0.000146 0.000003
13.0 0.000410 0.998527 0.000078 0.000181 0.000003
14.0 0.000555 0.998054 0.000104 0.000216 0.000004
15.0 0.000736 0.997484 0.000136 0.000249 0.000005
16.0 0.000959 0.996799 0.000173 0.000278 0.000006
17.0 0.001230 0.995986 0.000216 0.000301 0.000007
18.0 0.001556 0.995036 0.000266 0.000316 0.000009
19.0 0.001945 0.993933 0.000323 0.000320 0.000012
20.0 0.002405 0.992665 0.000387 0.000312 0.000015
21.0 0.002943 0.991209 0.000457 0.000292 0.000018
22.0 0.003569 0.989558 0.000533 0.000262 0.000022
23.0 0.004293 0.987699 0.000616 0.000221 0.000027
24.0 0.005125 0.985621 0.000704 0.000175 0.000032
25.0 0.006076 0.983285 0.000797 0.000128 0.000038
26.0 0.007156 0.980662 0.000894 0.000085 0.000045
27.0 0.008378 0.977735 0.000994 0.000054 0.000053
28.0 0.009754 0.974487 0.001096 0.000045 0.000061
29.0 0.011298 0.970900 0.001199 0.000068 0.000072
30.0 0.013024 0.966934 0.001303 0.000136 0.000085
31.0 0.014947 0.962574 0.001405 0.000260 0.000101
32.0 0.017084 0.957794 0.001506 0.000454 0.000120
33.0 0.019451 0.952584 0.001603 0.000733 0.000144
34.0 0.022065 0.946894 0.001697 0.001109 0.000173
35.0 0.024943 0.940681 0.001786 0.001599 0.000208
36.0 0.028105 0.933917 0.001869 0.002216 0.000249
37.0 0.031569 0.926578 0.001946 0.002974 0.000298
38.0 0.035361 0.918656 0.002016 0.003886 0.000354
39.0 0.039501 0.910117 0.002079 0.004962 0.000419
40.0 0.044014 0.900950 0.002136 0.006214 0.000493
41.0 0.048922 0.891113 0.002185 0.007651 0.000578
42.0 0.054251 0.880597 0.002228 0.009280 0.000673
43.0 0.060026 0.869375 0.002263 0.011109 0.000782
44.0 0.066273 0.857408 0.002291 0.013142 0.000907
45.0 0.073014 0.844676 0.002314 0.015384 0.001047
46.0 0.080273 0.831144 0.002330 0.017839 0.001206
47.0 0.088078 0.816814 0.002341 0.020506 0.001383
48.0 0.096454 0.801676 0.002348 0.023380 0.001580
49.0 0.105427 0.785751 0.002351 0.026455 0.001796
50.0 0.115014 0.769004 0.002351 0.029730 0.002029
51.0 0.125230 0.751427 0.002348 0.033198 0.002277
52.0 0.136091 0.733036 0.002342 0.036850 0.002540
53.0 0.147611 0.713832 0.002334 0.040674 0.002813
54.0 0.159799 0.693845 0.002324 0.044661 0.003096
55.0 0.172638 0.673055 0.002310 0.048803 0.003388
56.0 0.186117 0.651489 0.002294 0.053092 0.003690
57.0 0.200218 0.629181 0.002274 0.057510 0.004000
58.0 0.214930 0.606211 0.002249 0.062034 0.004317
59.0 0.230219 0.582635 0.002218 0.066648 0.004641
60.0 0.246024 0.558494 0.002179 0.071340 0.004973
61.0 0.262284 0.533884 0.002132 0.076097 0.005315
62.0 0.278930 0.508893 0.002072 0.080896 0.005670
63.0 0.295901 0.483640 0.001998 0.085710 0.006047
64.0 0.313093 0.458216 0.001909 0.090505 0.006464
65.0 0.330391 0.432725 0.001809 0.095214 0.006974
66.0 0.347677 0.407285 0.001716 0.099563 0.007811
67.0 0.364839 0.382032 0.001703 0.098679 0.013757
68.0 0.381784 0.357114 0.002440 0.004002 0.112692
69.0 0.398370 0.332632 0.007547 0.000046 0.116474
70.0 0.414477 0.308716 0.007812 0.000159 0.120970
71.0 0.429988 0.285486 0.008135 0.000088 0.125526
72.0 0.444811 0.263046 0.008462 0.000043 0.129971
73.0 0.458886 0.241495 0.008786 0.000148 0.134181
74.0 0.472119 0.220897 0.009106 0.000518 0.138034
75.0 0.484459 0.201315 0.009423 0.001273 0.141412
76.0 0.495849 0.182790 0.009739 0.002530 0.144203
77.0 0.506274 0.165354 0.010057 0.004380 0.146321
78.0 0.515724 0.149004 0.010384 0.006858 0.147735
79.0 0.524179 0.133724 0.010722 0.009934 0.148475
80.0 0.531662 0.119505 0.011069 0.013514 0.148647
81.0 0.538173 0.106318 0.011419 0.017456 0.148389
82.0 0.543756 0.094131 0.011771 0.021609 0.147857
83.0 0.548443 0.082899 0.012132 0.025823 0.147200
84.0 0.552266 0.072569 0.012509 0.029985 0.146537
85.0 0.555293 0.063094 0.012904 0.034013 0.145963
86.0 0.557554 0.054426 0.013316 0.037856 0.145529
87.0 0.559120 0.046514 0.013748 0.041486 0.145265
88.0 0.560011 0.039300 0.014208 0.044890 0.145167
89.0 0.560275 0.032732 0.014705 0.048073 0.145217
90.0 0.559977 0.026761 0.015243 0.051049 0.145397
91.0 0.559130 0.021345 0.015822 0.053825 0.145685
92.0 0.557798 0.016448 0.016444 0.056414 0.146067
93.0 0.555991 0.012047 0.017100 0.058825 0.146518
94.0 0.553743 0.008143 0.017758 0.061069 0.147007
95.0 0.551112 0.004793 0.018330 0.063159 0.147504
96.0 0.548111 0.002142 0.018640 0.065091 0.147976
97.0 0.544776 0.000456 0.018393 0.066867 0.148391
98.0 0.541092 0.000058 0.017251 0.068477 0.148697
99.0 0.537077 0.001064 0.015089 0.069912 0.148823
100.0 0.532760 0.003145 0.012234 0.071157 0.148650
101.0 0.528140 0.005719 0.009267 0.072187 0.147983
102.0 0.523236 0.008357 0.006624 0.072982 0.146385
103.0 0.518005 0.010900 0.004473 0.073498 0.142563
104.0 0.512422 0.013362 0.002819 0.073684 0.130735
105.0 0.506490 0.015827 0.001609 0.073478 0.065719
106.0 0.500155 0.018396 0.000781 0.072804 0.000011
107.0 0.493375 0.021187 0.000281 0.071595 0.005207
108.0 0.486046 0.024333 0.000063 0.069775 0.011105
109.0 0.478031 0.027996 0.000091 0.067277 0.016819
110.0 0.469168 0.032388 0.000334 0.064067 0.022750
111.0 0.459193 0.037776 0.000768 0.060145 0.029111
112.0 0.447761 0.044528 0.001372 0.055582 0.035940
113.0 0.434363 0.053133 0.002130 0.050506 0.043160
114.0 0.418333 0.064265 0.003024 0.045113 0.050590
115.0 0.398817 0.078818 0.004042 0.039639 0.058024
116.0 0.374743 0.097866 0.005172 0.034315 0.065249
117.0 0.345052 0.122494 0.006407 0.029336 0.072073
118.0 0.309149 0.153279 0.007732 0.024818 0.078397
119.0 0.267769 0.189470 0.009138 0.020823 0.084133
120.0 0.223611 0.228396 0.010618 0.017370 0.089283
121.0 0.180782 0.265965 0.012161 0.014424 0.093885
122.0 0.143027 0.298450 0.013762 0.011946 0.097984
123.0 0.112232 0.323970 0.015413 0.009872 0.101629
124.0 0.088379 0.342536 0.017106 0.008142 0.104860
125.0 0.070403 0.355224 0.018837 0.006703 0.107743
126.0 0.056984 0.363366 0.020606 0.005504 0.110315
127.0 0.046950 0.368151 0.022410 0.004509 0.112645
128.0 0.039391 0.370496 0.024248 0.003683 0.114748
129.0 0.033636 0.371057 0.026109 0.002998 0.116628
130.0 0.029205 0.370340 0.027991 0.002432 0.118331
131.0 0.025751 0.368696 0.029890 0.001964 0.119872
132.0 0.023028 0.366377 0.031808 0.001572 0.121275
133.0 0.020857 0.363583 0.033746 0.001241 0.122563
134.0 0.019113 0.360424 0.035701 0.000959 0.123737
135.0 0.017705 0.356999 0.037676 0.000715 0.124812
136.0 0.016561 0.353397 0.039670 0.000505 0.125799
137.0 0.015631 0.349667 0.041685 0.000320 0.126703
138.0 0.014870 0.345857 0.043721 0.000160 0.127522
139.0 0.014246 0.341987 0.045755 0.000036 0.128254
140.0 0.013737 0.338073 0.047705 0.000023 0.128894
141.0 0.013330 0.334142 0.049094 0.000597 0.129435
142.0 0.013009 0.330225 0.045207 0.006466 0.129890
143.0 0.012763 0.326344 0.017175 0.036505 0.130247
144.0 0.012579 0.322497 0.005660 0.050046 0.130486
145.0 0.012446 0.318688 0.003096 0.054647 0.130562
146.0 0.012359 0.314925 0.002154 0.057636 0.130388
147.0 0.012314 0.311215 0.001699 0.060139 0.129796
148.0 0.012307 0.307569 0.001446 0.062450 0.128424
149.0 0.012332 0.303986 0.001296 0.064661 0.124918
150.0 0.012386 0.300455 0.001205 0.066809 0.110310
151.0 0.012463 0.296982 0.001152 0.068917 0.017809
152.0 0.012558 0.293572 0.001125 0.070986 0.000261
153.0 0.012669 0.290223 0.001119 0.073019 0.002067
154.0 0.012792 0.286938 0.001130 0.075022 0.003291
155.0 0.012925 0.283712 0.001156 0.076986 0.004096
156.0 0.013070 0.280541 0.001196 0.078915 0.004665
157.0 0.013230 0.277434 0.001251 0.080805 0.005116
158.0 0.013406 0.274390 0.001320 0.082651 0.005479
159.0 0.013596 0.271405 0.001404 0.084459 0.005811
160.0 0.013799 0.268473 0.001499 0.086226 0.006106
161.0 0.014013 0.265593 0.001606 0.087952 0.006376
162.0 0.014238 0.262768 0.001724 0.089639 0.006646
163.0 0.014474 0.260004 0.001856 0.091274 0.006908
164.0 0.014718 0.257307 0.002004 0.092852 0.007176
165.0 0.014967 0.254672 0.002167 0.094367 0.007449
166.0 0.015217 0.252101 0.002346 0.095805 0.007742
167.0 0.015466 0.249602 0.002539 0.097165 0.008063
168.0 0.015715 0.247181 0.002747 0.098434 0.008416
169.0 0.015970 0.244848 0.002972 0.099585 0.008833
170.0 0.016231 0.242601 0.003214 0.100569 0.009361
171.0 0.016502 0.240432 0.003471 0.101283 0.010106
172.0 0.016781 0.238331 0.003742 0.101357 0.011431
173.0 0.017066 0.236290 0.004029 0.099102 0.015027
174.0 0.017357 0.234312 0.004334 0.053171 0.062234
175.0 0.017654 0.232395 0.004662 0.002744 0.113883
176.0 0.017955 0.230545 0.005012 0.005570 0.112193
177.0 0.018261 0.228759 0.005386 0.006763 0.112052
178.0 0.018570 0.227033 0.005784 0.007466 0.112339
179.0 0.018881 0.225367 0.006204 0.007963 0.112760
180.0 0.019198 0.223752 0.006647 0.008356 0.113204
181.0 0.019522 0.222177 0.007115 0.008688 0.113623
182.0 0.019851 0.220630 0.007606 0.008982 0.113978
183.0 0.020185 0.219105 0.008122 0.009250 0.114257
184.0 0.020520 0.217599 0.008665 0.009498 0.114454
185.0 0.020854 0.216123 0.009235 0.009733 0.114546
186.0 0.021185 0.214677 0.009833 0.009959 0.114535
187.0 0.021511 0.213255 0.010461 0.010180 0.114396
188.0 0.021832 0.211854 0.011115 0.010398 0.114123
189.0 0.022146 0.210472 0.011796 0.010613 0.113704
190.0 0.022458 0.209103 0.012505 0.010825 0.113138
191.0 0.022767 0.207750 0.013248 0.011035 0.112402
192.0 0.023075 0.206399 0.014026 0.011242 0.111473
193.0 0.023385 0.205035 0.014844 0.011448 0.110338
194.0 0.023692 0.203665 0.015698 0.011656 0.108957
195.0 0.023999 0.202289 0.016588 0.011866 0.107327
196.0 0.024307 0.200916 0.017516 0.012077 0.105400
197.0 0.024617 0.199554 0.018479 0.012290 0.103150
198.0 0.024929 0.198195 0.019479 0.012501 0.100503
199.0 0.025245 0.196841 0.020518 0.012712 0.097400
200.0 0.025558 0.195495 0.021594 0.012923 0.093769
