#Time E_0 E_1 E_2 E_3 E_4
0.0 -7.71655421 -7.59749123 -7.47163691 -7.21483590 -7.15033154
1.0 -7.71665065 -7.59756577 -7.47170238 -7.21487494 -7.15036241
2.0 -7.71693966 -7.59778906 -7.47189845 -7.21499200 -7.15045504
3.0 -7.71742028 -7.59816007 -7.47222406 -7.21518690 -7.15060944
4.0 -7.71809094 -7.59867710 -7.47267747 -7.21545933 -7.15082561
5.0 -7.71894942 -7.59933779 -7.47325625 -7.21580889 -7.15110358
6.0 -7.71999286 -7.60013914 -7.47395733 -7.21623503 -7.15144339
7.0 -7.72121782 -7.60107756 -7.47477701 -7.21673714 -7.15184508
8.0 -7.72262021 -7.60214884 -7.47571098 -7.21731450 -7.15230875
9.0 -7.72419536 -7.60334827 -7.47675439 -7.21796630 -7.15283448
10.0 -7.72593798 -7.60467061 -7.47790186 -7.21869168 -7.15342243
11.0 -7.72784221 -7.60611018 -7.47914753 -7.21948968 -7.15407276
12.0 -7.72990165 -7.60766087 -7.48048511 -7.22035933 -7.15478571
13.0 -7.73210933 -7.60931622 -7.48190793 -7.22129961 -7.15556156
14.0 -7.73445777 -7.61106945 -7.48340896 -7.22230945 -7.15640063
15.0 -7.73693902 -7.61291354 -7.48498090 -7.22338779 -7.15730333
16.0 -7.73954466 -7.61484124 -7.48661619 -7.22453357 -7.15827014
17.0 -7.74226585 -7.61684514 -7.48830707 -7.22574571 -7.15930158
18.0 -7.74509340 -7.61891772 -7.49004560 -7.22702315 -7.16039829
19.0 -7.74801777 -7.62105142 -7.49182376 -7.22836485 -7.16156096
20.0 -7.75102916 -7.62323864 -7.49363343 -7.22976982 -7.16279034
21.0 -7.75411753 -7.62547181 -7.49546643 -7.23123705 -7.16408730
22.0 -7.75727269 -7.62774342 -7.49731460 -7.23276560 -7.16545274
23.0 -7.76048434 -7.63004606 -7.49916977 -7.23435454 -7.16688764
24.0 -7.76374215 -7.63237244 -7.50102383 -7.23600299 -7.16839305
25.0 -7.76703578 -7.63471546 -7.50286875 -7.23771007 -7.16997007
26.0 -7.77035500 -7.63706816 -7.50469656 -7.23947494 -7.17161982
27.0 -7.77368971 -7.63942381 -7.50649941 -7.24129677 -7.17334348
28.0 -7.77703003 -7.64177590 -7.50826959 -7.24317472 -7.17514222
29.0 -7.78036633 -7.64411815 -7.50999949 -7.24510795 -7.17701725
30.0 -7.78368933 -7.64644454 -7.51168167 -7.24709562 -7.17896974
31.0 -7.78699010 -7.64874932 -7.51330883 -7.24913684 -7.18100083
32.0 -7.79026018 -7.65102701 -7.51487383 -7.25123068 -7.18311162
33.0 -7.79349154 -7.65327241 -7.51636968 -7.25337615 -7.18530317
34.0 -7.79667669 -7.65548062 -7.51778959 -7.25557219 -7.18757642
35.0 -7.79980870 -7.65764702 -7.51912690 -7.25781765 -7.18993224
36.0 -7.80288121 -7.65976731 -7.52037513 -7.26011127 -7.19237136
37.0 -7.80588847 -7.66183749 -7.52152800 -7.26245167 -7.19489440
38.0 -7.80882535 -7.66385389 -7.52257936 -7.26483735 -7.19750181
39.0 -7.81168735 -7.66581313 -7.52352328 -7.26726663 -7.20019386
40.0 -7.81447063 -7.66771218 -7.52435399 -7.26973771 -7.20297066
41.0 -7.81717198 -7.66954833 -7.52506592 -7.27224860 -7.20583212
42.0 -7.81978882 -7.67131920 -7.52565369 -7.27479712 -7.20877792
43.0 -7.82231921 -7.67302275 -7.52611215 -7.27738092 -7.21180755
44.0 -7.82476179 -7.67465729 -7.52643634 -7.27999746 -7.21492025
45.0 -7.82711580 -7.67622146 -7.52662157 -7.28264399 -7.21811503
46.0 -7.82938104 -7.67771427 -7.52666339 -7.28531757 -7.22139068
47.0 -7.83155780 -7.67913505 -7.52655766 -7.28801506 -7.22474574
48.0 -7.83364689 -7.68048350 -7.52630054 -7.29073315 -7.22817850
49.0 -7.83564956 -7.68175965 -7.52588852 -7.29346832 -7.23168703
50.0 -7.83756746 -7.68296387 -7.52531849 -7.29621689 -7.23526917
51.0 -7.83940260 -7.68409686 -7.52458776 -7.29897502 -7.23892253
52.0 -7.84115731 -7.68515966 -7.52369412 -7.30173873 -7.24264451
53.0 -7.84283421 -7.68615359 -7.52263584 -7.30450389 -7.24643231
54.0 -7.84443612 -7.68708027 -7.52141178 -7.30726628 -7.25028292
55.0 -7.84596607 -7.68794161 -7.52002141 -7.31002160 -7.25419317
56.0 -7.84742721 -7.68873975 -7.51846489 -7.31276549 -7.25815974
57.0 -7.84882281 -7.68947708 -7.51674310 -7.31549357 -7.26217914
58.0 -7.85015619 -7.69015617 -7.51485771 -7.31820147 -7.26624777
59.0 -7.85143070 -7.69077978 -7.51281126 -7.32088486 -7.27036190
60.0 -7.85264968 -7.69135082 -7.51060719 -7.32353953 -7.27451774
61.0 -7.85381645 -7.69187232 -7.50824989 -7.32616140 -7.27871139
62.0 -7.85493427 -7.69234740 -7.50574481 -7.32874657 -7.28293894
63.0 -7.85600630 -7.69277924 -7.50309845 -7.33129142 -7.28719639
64.0 -7.85703564 -7.69317107 -7.50031843 -7.33379264 -7.29147978
65.0 -7.85802524 -7.69352611 -7.49741356 -7.33624734 -7.29578511
66.0 -7.85897796 -7.69384758 -7.49439381 -7.33865309 -7.30010840
67.0 -7.85989650 -7.69413868 -7.49127038 -7.34100802 -7.30444572
68.0 -7.86078346 -7.69440252 -7.48805569 -7.34331094 -7.30879318
69.0 -7.86164128 -7.69464219 -7.48476337 -7.34556143 -7.31314695
70.0 -7.86247226 -7.69486064 -7.48140824 -7.34775991 -7.31750327
71.0 -7.86327858 -7.69506078 -7.47800621 -7.34990777 -7.32185847
72.0 -7.86406225 -7.69524536 -7.47457422 -7.35200744 -7.32620898
73.0 -7.86482519 -7.69541706 -7.47113009 -7.35406244 -7.33055132
74.0 -7.86556917 -7.69557841 -7.46769233 -7.35607743 -7.33488215
75.0 -7.86629585 -7.69573183 -7.46427989 -7.35805813 -7.33919822
76.0 -7.86700674 -7.69587962 -7.46091191 -7.36001125 -7.34349644
77.0 -7.86770328 -7.69602392 -7.45760732 -7.36194432 -7.34777382
78.0 -7.86838679 -7.69616678 -7.45438450 -7.36386534 -7.35202753
79.0 -7.86905847 -7.69631010 -7.45126086 -7.36578248 -7.35625486
80.0 -7.86971945 -7.69645565 -7.44825242 -7.36770354 -7.36045326
81.0 -7.87037076 -7.69660510 -7.44537352 -7.36963548 -7.36462030
82.0 -7.87101334 -7.69675997 -7.44263645 -7.37158384 -7.36875370
83.0 -7.87164805 -7.69692167 -7.44005142 -7.37355219 -7.37285133
84.0 -7.87227568 -7.69709149 -7.43762653 -7.37691119 -7.37554161
85.0 -7.87289694 -7.69727062 -7.43536802 -7.38093142 -7.37755023
86.0 -7.87351247 -7.69746011 -7.43328083 -7.38491030 -7.37957284
87.0 -7.87412286 -7.69766094 -7.43136926 -7.38884622 -7.38160040
88.0 -7.87472861 -7.69787396 -7.42963804 -7.39273773 -7.38361964
89.0 -7.87533017 -7.69809992 -7.42809353 -7.39658350 -7.38561249
90.0 -7.87592795 -7.69833950 -7.42674518 -7.40038230 -7.38755542
91.0 -7.87652229 -7.69859324 -7.42560700 -7.40413304 -7.38941870
92.0 -7.87711349 -7.69886165 -7.42469876 -7.40783474 -7.39116591
93.0 -7.87770178 -7.69914510 -7.42404634 -7.41148653 -7.39275426
94.0 -7.87828736 -7.69944392 -7.42368018 -7.41508763 -7.39413664
95.0 -7.87887039 -7.69975833 -7.42363074 -7.41863739 -7.39526654
96.0 -7.87945099 -7.70008851 -7.42392104 -7.42213523 -7.39610584
97.0 -7.88002923 -7.70043455 -7.42558068 -7.42455837 -7.39663334
98.0 -7.88060515 -7.70079647 -7.42897335 -7.42552939 -7.39684975
99.0 -7.88117877 -7.70117425 -7.43231291 -7.42680181 -7.39677613
100.0 -7.88175005 -7.70156781 -7.43559916 -7.42833149 -7.39644681
101.0 -7.88231894 -7.70197699 -7.43883193 -7.43007089 -7.39590097
102.0 -7.88288538 -7.70240161 -7.44201112 -7.43197540 -7.39517632
103.0 -7.88344925 -7.70284143 -7.44513673 -7.43400646 -7.39430598
104.0 -7.88401045 -7.70329619 -7.44820879 -7.43613241 -7.39331769
105.0 -7.88456883 -7.70376556 -7.45122738 -7.43832789 -7.39223446
106.0 -7.88512423 -7.70424919 -7.45419267 -7.44057286 -7.39107563
107.0 -7.88567649 -7.70474671 -7.45710486 -7.44285153 -7.38985815
108.0 -7.88622542 -7.70525771 -7.45996417 -7.44515144 -7.38859779
109.0 -7.88677083 -7.70578175 -7.46277092 -7.44746271 -7.38731024
110.0 -7.88731252 -7.70631839 -7.46552541 -7.44977744 -7.38601229
111.0 -7.88785029 -7.70686714 -7.46822801 -7.45208929 -7.38472308
112.0 -7.88838391 -7.70742751 -7.47087913 -7.45439314 -7.38346542
113.0 -7.88891318 -7.70799900 -7.47347918 -7.45668482 -7.38226735
114.0 -7.88943787 -7.70858110 -7.47602862 -7.45896092 -7.38116363
115.0 -7.88995777 -7.70917327 -7.47852794 -7.46121865 -7.38019684
116.0 -7.89047265 -7.70977498 -7.48097763 -7.46345572 -7.37941700
117.0 -7.89098231 -7.71038569 -7.48337823 -7.46567023 -7.37887809
118.0 -7.89148652 -7.71100486 -7.48573026 -7.46786063 -7.37863030
119.0 -7.89198507 -7.71163193 -7.48803428 -7.47002566 -7.37870864
120.0 -7.89247776 -7.71226636 -7.49029088 -7.47216427 -7.37912274
121.0 -7.89296439 -7.71290761 -7.49250062 -7.47427563 -7.37985417
122.0 -7.89344475 -7.71355512 -7.49466412 -7.47635906 -7.38086305
123.0 -7.89391866 -7.71420835 -7.49678196 -7.47841403 -7.38209957
124.0 -7.89438593 -7.71486677 -7.49885476 -7.48044014 -7.38351406
125.0 -7.89484638 -7.71552983 -7.50088315 -7.48243709 -7.38506282
126.0 -7.89529985 -7.71619702 -7.50286774 -7.48440466 -7.38671006
127.0 -7.89574617 -7.71686780 -7.50480916 -7.48634271 -7.38842762
128.0 -7.89618519 -7.71754167 -7.50670803 -7.48825119 -7.39019377
129.0 -7.89661675 -7.71821812 -7.50856501 -7.49013008 -7.39199187
130.0 -7.89704072 -7.71889664 -7.51038070 -7.49197943 -7.39380918
131.0 -7.89745697 -7.71957676 -7.51215576 -7.49379933 -7.39563591
132.0 -7.89786537 -7.72025800 -7.51389080 -7.49558989 -7.39746450
133.0 -7.89826582 -7.72093988 -7.51558647 -7.49735128 -7.39928906
134.0 -7.89865819 -7.72162196 -7.51724339 -7.49908369 -7.40110495
135.0 -7.89904239 -7.72230379 -7.51886218 -7.50078733 -7.40290852
136.0 -7.89941833 -7.72298493 -7.52044347 -7.50246243 -7.40469688
137.0 -7.89978593 -7.72366497 -7.52198787 -7.50410924 -7.40646769
138.0 -7.90014511 -7.72434349 -7.52349600 -7.50572803 -7.40821910
139.0 -7.90049581 -7.72502010 -7.52496847 -7.50731909 -7.40994962
140.0 -7.90083795 -7.72569442 -7.52640588 -7.50888270 -7.41165803
141.0 -7.90117150 -7.72636607 -7.52780883 -7.51041917 -7.41334338
142.0 -7.90149640 -7.72703469 -7.52917792 -7.51192881 -7.41500487
143.0 -7.90181262 -7.72769995 -7.53051373 -7.51341194 -7.41664190
144.0 -7.90212012 -7.72836150 -7.53181684 -7.51486887 -7.41825398
145.0 -7.90241888 -7.72901903 -7.53308783 -7.51629994 -7.41984072
146.0 -7.90270888 -7.72967223 -7.53432726 -7.51770546 -7.42140184
147.0 -7.90299010 -7.73032081 -7.53553570 -7.51908579 -7.42293714
148.0 -7.90326255 -7.73096447 -7.53671370 -7.52044123 -7.42444646
149.0 -7.90352623 -7.73160296 -7.53786181 -7.52177214 -7.42592973
150.0 -7.90378113 -7.73223601 -7.53898057 -7.52307883 -7.42738689
151.0 -7.90402727 -7.73286338 -7.54007051 -7.52436165 -7.42881797
152.0 -7.90426466 -7.73348483 -7.54113216 -7.52562092 -7.43022299
153.0 -7.90449334 -7.73410015 -7.54216603 -7.52685697 -7.43160202
154.0 -7.90471331 -7.73470912 -7.54317264 -7.52807012 -7.43295517
155.0 -7.90492462 -7.73531154 -7.54415249 -7.52926071 -7.43428256
156.0 -7.90512731 -7.73590723 -7.54510608 -7.53042906 -7.43558433
157.0 -7.90532140 -7.73649600 -7.54603390 -7.53157547 -7.43686064
158.0 -7.90550695 -7.73707768 -7.54693642 -7.53270028 -7.43811168
159.0 -7.90568399 -7.73765213 -7.54781413 -7.53380378 -7.43933763
160.0 -7.90585260 -7.73821919 -7.54866748 -7.53488629 -7.44053870
161.0 -7.90601280 -7.73877872 -7.54949695 -7.53594812 -7.44171511
162.0 -7.90616468 -7.73933059 -7.55030297 -7.53698956 -7.44286709
163.0 -7.90630828 -7.73987469 -7.55108600 -7.53801090 -7.44399487
164.0 -7.90644366 -7.74041089 -7.55184648 -7.53901245 -7.44509870
165.0 -7.90657091 -7.74093911 -7.55258483 -7.53999449 -7.44617882
166.0 -7.90669007 -7.74145923 -7.55330149 -7.54095731 -7.44723550
167.0 -7.90680123 -7.74197119 -7.55399685 -7.54190119 -7.44826899
168.0 -7.90690446 -7.74247488 -7.55467135 -7.54282639 -7.44927956
169.0 -7.90699982 -7.74297025 -7.55532536 -7.54373320 -7.45026748
170.0 -7.90708741 -7.74345722 -7.55595931 -7.54462188 -7.45123302
171.0 -7.90716728 -7.74393574 -7.55657356 -7.54549270 -7.45217646
172.0 -7.90723953 -7.74440575 -7.55716851 -7.54634591 -7.45309808
173.0 -7.90730424 -7.74486721 -7.55774452 -7.54718177 -7.45399814
174.0 -7.90736148 -7.74532007 -7.55830198 -7.54800052 -7.45487694
175.0 -7.90741133 -7.74576430 -7.55884123 -7.54880242 -7.45573476
176.0 -7.90745389 -7.74619988 -7.55936263 -7.54958770 -7.45657186
177.0 -7.90748924 -7.74662677 -7.55986654 -7.55035661 -7.45738854
178.0 -7.90751745 -7.74704495 -7.56035329 -7.55110938 -7.45818508
179.0 -7.90753862 -7.74745442 -7.56082322 -7.55184623 -7.45896176
180.0 -7.90755283 -7.74785516 -7.56127666 -7.55256739 -7.45971885
181.0 -7.90756017 -7.74824717 -7.56171393 -7.55327309 -7.46045664
182.0 -7.90756073 -7.74863045 -7.56213535 -7.55396354 -7.46117540
183.0 -7.90755459 -7.74900499 -7.56254124 -7.55463895 -7.46187542
184.0 -7.90754184 -7.74937080 -7.56293189 -7.55529954 -7.46255696
185.0 -7.90752256 -7.74972791 -7.56330760 -7.55594550 -7.46322029
186.0 -7.90749685 -7.75007631 -7.56366868 -7.55657706 -7.46386570
187.0 -7.90746480 -7.75041603 -7.56401541 -7.55719439 -7.46449345
188.0 -7.90742649 -7.75074709 -7.56434806 -7.55779770 -7.46510380
189.0 -7.90738201 -7.75106951 -7.56466693 -7.55838719 -7.46569702
190.0 -7.90733145 -7.75138333 -7.56497227 -7.55896303 -7.46627338
191.0 -7.90727489 -7.75168856 -7.56526437 -7.55952542 -7.46683314
192.0 -7.90721243 -7.75198525 -7.56554347 -7.56007453 -7.46737654
193.0 -7.90714416 -7.75227342 -7.56580985 -7.56061055 -7.46790386
194.0 -7.90707016 -7.75255312 -7.56606374 -7.56113366 -7.46841534
195.0 -7.90699052 -7.75282439 -7.56630540 -7.56164402 -7.46891123
196.0 -7.90690533 -7.75308728 -7.56653507 -7.56214181 -7.46939178
197.0 -7.90681467 -7.75334182 -7.56675299 -7.56262719 -7.46985724
198.0 -7.90671865 -7.75358806 -7.56695939 -7.56310033 -7.47030785
199.0 -7.90661733 -7.75382606 -7.56715450 -7.56356140 -7.47074384
200.0 -7.90651082 -7.75405586 -7.56733855 -7.56401055 -7.47116547
