# Time Pop_0 Pop_1 Pop_2 Pop_3 Pop_4
0.0 0.000000 1.000000 0.000000 0.000000 0.000000
1.0 0.000000 1.000000 0.000000 0.000000 0.000000
2.0 0.000001 0.999999 0.000000 0.000000 0.000000
3.0 0.000003 0.999996 0.000001 0.000000 0.000000
4.0 0.000010 0.999988 0.000002 0.000000 0.000000
5.0 0.000023 0.999971 0.000005 0.000000 0.000000
6.0 0.000047 0.999941 0.000009 0.000000 0.000000
7.0 0.000084 0.999893 0.000017 0.000001 0.000000
8.0 0.000141 0.999822 0.000029 0.000001 0.000000
9.0 0.000219 0.999723 0.000045 0.000001 0.000000
10.0 0.000323 0.999591 0.000066 0.000002 0.000000
11.0 0.000457 0.999421 0.000094 0.000003 0.000000
12.0 0.000622 0.999210 0.000128 0.000003 0.000000
13.0 0.000821 0.998955 0.000170 0.000004 0.000000
14.0 0.001055 0.998654 0.000219 0.000005 0.000000
15.0 0.001322 0.998307 0.000275 0.000006 0.000000
16.0 0.001623 0.997916 0.000340 0.000006 0.000000
17.0 0.001954 0.997482 0.000411 0.000007 0.000000
18.0 0.002312 0.997010 0.000489 0.000008 0.000000
19.0 0.002692 0.996505 0.000573 0.000009 0.000000
20.0 0.003087 0.995972 0.000661 0.000010 0.000000
21.0 0.003493 0.995420 0.000753 0.000011 0.000000
22.0 0.003901 0.994857 0.000847 0.000011 0.000000
23.0 0.004304 0.994289 0.000941 0.000011 0.000000
24.0 0.004696 0.993728 0.001034 0.000010 0.000000
25.0 0.005067 0.993180 0.001124 0.000010 0.000000
26.0 0.005412 0.992653 0.001210 0.000008 0.000000
27.0 0.005724 0.992158 0.001290 0.000007 0.000000
28.0 0.005996 0.991699 0.001361 0.000005 0.000000
29.0 0.006225 0.991282 0.001423 0.000003 0.000000
30.0 0.006406 0.990914 0.001474 0.000002 0.000000
31.0 0.006536 0.990597 0.001513 0.000000 0.000000
32.0 0.006615 0.990332 0.001539 0.000000 0.000000
33.0 0.006640 0.990121 0.001551 0.000001 0.000000
34.0 0.006614 0.989963 0.001549 0.000003 0.000000
35.0 0.006539 0.989854 0.001532 0.000007 0.000000
36.0 0.006416 0.989792 0.001501 0.000014 0.000000
37.0 0.006250 0.989771 0.001457 0.000024 0.000000
38.0 0.006044 0.989784 0.001400 0.000038 0.000000
39.0 0.005805 0.989825 0.001331 0.000057 0.000000
40.0 0.005537 0.989886 0.001253 0.000083 0.000000
41.0 0.005246 0.989957 0.001167 0.000116 0.000000
42.0 0.004936 0.990029 0.001077 0.000159 0.000000
43.0 0.004614 0.990093 0.000985 0.000213 0.000000
44.0 0.004285 0.990139 0.000893 0.000279 0.000000
45.0 0.003953 0.990157 0.000807 0.000359 0.000000
46.0 0.003622 0.990138 0.000729 0.000456 0.000000
47.0 0.003295 0.990072 0.000664 0.000569 0.000000
48.0 0.002977 0.989950 0.000615 0.000703 0.000000
49.0 0.002669 0.989765 0.000587 0.000858 0.000000
50.0 0.002372 0.989505 0.000583 0.001037 0.000000
51.0 0.002089 0.989166 0.000607 0.001242 0.000000
52.0 0.001820 0.988739 0.000662 0.001478 0.000000
53.0 0.001566 0.988216 0.000752 0.001745 0.000000
54.0 0.001328 0.987590 0.000878 0.002050 0.000000
55.0 0.001105 0.986858 0.001041 0.002394 0.000000
56.0 0.000899 0.986010 0.001241 0.002781 0.000000
57.0 0.000710 0.985042 0.001479 0.003215 0.000000
58.0 0.000539 0.983952 0.001751 0.003700 0.000000
59.0 0.000388 0.982735 0.002055 0.004236 0.000000
60.0 0.000258 0.981384 0.002385 0.004828 0.000000
61.0 0.000153 0.979903 0.002737 0.005477 0.000000
62.0 0.000074 0.978287 0.003102 0.006183 0.000000
63.0 0.000026 0.976531 0.003474 0.006948 0.000000
64.0 0.000011 0.974640 0.003841 0.007772 0.000000
65.0 0.000034 0.972609 0.004195 0.008655 0.000000
66.0 0.000099 0.970435 0.004523 0.009596 0.000000
67.0 0.000209 0.968122 0.004816 0.010593 0.000000
68.0 0.000369 0.965667 0.005061 0.011643 0.000000
69.0 0.000581 0.963068 0.005247 0.012742 0.000000
70.0 0.000850 0.960327 0.005364 0.013881 0.000000
71.0 0.001177 0.957444 0.005402 0.015050 0.000000
72.0 0.001564 0.954419 0.005354 0.016236 0.000000
73.0 0.002012 0.951257 0.005216 0.017419 0.000000
74.0 0.002521 0.947960 0.004984 0.018578 0.000000
75.0 0.003089 0.944534 0.004662 0.019688 0.000000
76.0 0.003715 0.940982 0.004256 0.020722 0.000000
77.0 0.004395 0.937315 0.003777 0.021651 0.000000
78.0 0.005126 0.933540 0.003242 0.022450 0.000000
79.0 0.005902 0.929661 0.002672 0.023094 0.000000
80.0 0.006718 0.925692 0.002093 0.023564 0.000000
81.0 0.007568 0.921637 0.001536 0.023843 0.000000
82.0 0.008444 0.917501 0.001033 0.023922 0.000000
83.0 0.009339 0.913294 0.000620 0.023798 0.000000
84.0 0.010245 0.909021 0.000334 0.000000 0.023467
85.0 0.011155 0.904686 0.000210 0.000000 0.022934
86.0 0.012061 0.900301 0.000283 0.000000 0.022199
87.0 0.012956 0.895872 0.000588 0.000000 0.021265
88.0 0.013832 0.891408 0.001155 0.000000 0.020130
89.0 0.014684 0.886921 0.002013 0.000000 0.018791
90.0 0.015507 0.882425 0.003185 0.000000 0.017240
91.0 0.016297 0.877925 0.004691 0.000000 0.015473
92.0 0.017051 0.873435 0.006531 0.000000 0.013490
93.0 0.017767 0.868965 0.008682 0.000000 0.011316
94.0 0.018444 0.864517 0.011075 0.000000 0.009014
95.0 0.019082 0.860097 0.013586 0.000000 0.006701
96.0 0.019685 0.855710 0.016041 0.000000 0.004542
97.0 0.020253 0.851350 0.000000 0.018251 0.002714
98.0 0.020791 0.847021 0.000000 0.020075 0.001346
99.0 0.021304 0.842722 0.000000 0.021454 0.000487
100.0 0.021796 0.838448 0.000000 0.022409 0.000103
101.0 0.022273 0.834200 0.000000 0.023011 0.000114
102.0 0.022744 0.829975 0.000000 0.023345 0.000423
103.0 0.023214 0.825772 0.000000 0.023488 0.000943
104.0 0.023691 0.821589 0.000000 0.023501 0.001601
105.0 0.024183 0.817423 0.000000 0.023429 0.002340
106.0 0.024698 0.813275 0.000000 0.023303 0.003118
107.0 0.025242 0.809140 0.000000 0.023145 0.003897
108.0 0.025823 0.805018 0.000000 0.022970 0.004648
109.0 0.026444 0.800911 0.000000 0.022786 0.005345
110.0 0.027112 0.796814 0.000000 0.022600 0.005961
111.0 0.027829 0.792729 0.000000 0.022416 0.006466
112.0 0.028597 0.788657 0.000000 0.022236 0.006832
113.0 0.029416 0.784592 0.000000 0.022063 0.007022
114.0 0.030286 0.780538 0.000000 0.021898 0.007000
115.0 0.031206 0.776494 0.000000 0.021740 0.006735
116.0 0.032171 0.772456 0.000000 0.021591 0.006210
117.0 0.033179 0.768429 0.000000 0.021449 0.005440
118.0 0.034223 0.764415 0.000000 0.021316 0.004492
119.0 0.035299 0.760417 0.000000 0.021190 0.003475
120.0 0.036400 0.756444 0.000000 0.021071 0.002513
121.0 0.037519 0.752507 0.000000 0.020958 0.001700
122.0 0.038649 0.748615 0.000000 0.020851 0.001077
123.0 0.039782 0.744782 0.000000 0.020749 0.000637
124.0 0.040912 0.741020 0.000000 0.020651 0.000346
125.0 0.042030 0.737340 0.000000 0.020556 0.000169
126.0 0.043127 0.733751 0.000000 0.020463 0.000070
127.0 0.044199 0.730261 0.000000 0.020371 0.000026
128.0 0.045236 0.726877 0.000000 0.020280 0.000016
129.0 0.046233 0.723597 0.000000 0.020189 0.000029
130.0 0.047185 0.720429 0.000000 0.020099 0.000056
131.0 0.048086 0.717372 0.000000 0.020009 0.000092
132.0 0.048931 0.714426 0.000000 0.019922 0.000132
133.0 0.049721 0.711594 0.000000 0.019838 0.000175
134.0 0.050451 0.708878 0.000000 0.019758 0.000218
135.0 0.051123 0.706279 0.000000 0.019682 0.000262
136.0 0.051737 0.703799 0.000000 0.019612 0.000304
137.0 0.052297 0.701439 0.000000 0.019545 0.000344
138.0 0.052806 0.699198 0.000000 0.019483 0.000383
139.0 0.053269 0.697074 0.000000 0.019424 0.000420
140.0 0.053692 0.695063 0.000000 0.019367 0.000454
141.0 0.054083 0.693160 0.000000 0.019310 0.000487
142.0 0.054449 0.691355 0.000000 0.019253 0.000518
143.0 0.054798 0.689644 0.000000 0.019194 0.000547
144.0 0.055139 0.688014 0.000000 0.019134 0.000575
145.0 0.055480 0.686455 0.000000 0.019072 0.000600
146.0 0.055830 0.684960 0.000000 0.019009 0.000624
147.0 0.056197 0.683515 0.000000 0.018947 0.000646
148.0 0.056590 0.682111 0.000000 0.018886 0.000666
149.0 0.057016 0.680738 0.000000 0.018827 0.000685
150.0 0.057484 0.679384 0.000000 0.018771 0.000701
151.0 0.057998 0.678041 0.000000 0.018718 0.000715
152.0 0.058567 0.676700 0.000000 0.018668 0.000728
153.0 0.059195 0.675353 0.000000 0.018621 0.000739
154.0 0.059884 0.673995 0.000000 0.018575 0.000749
155.0 0.060640 0.672622 0.000000 0.018530 0.000758
156.0 0.061464 0.671233 0.000000 0.018484 0.000765
157.0 0.062354 0.669827 0.000000 0.018437 0.000772
158.0 0.063312 0.668407 0.000000 0.018387 0.000778
159.0 0.064335 0.666978 0.000000 0.018335 0.000784
160.0 0.065418 0.665541 0.000000 0.018280 0.000788
161.0 0.066557 0.664103 0.000000 0.018223 0.000792
162.0 0.067747 0.662668 0.000000 0.018165 0.000795
163.0 0.068980 0.661239 0.000000 0.018106 0.000797
164.0 0.070249 0.659821 0.000000 0.018047 0.000799
165.0 0.071543 0.658421 0.000000 0.017989 0.000800
166.0 0.072855 0.657040 0.000000 0.017932 0.000800
167.0 0.074173 0.655686 0.000000 0.017877 0.000800
168.0 0.075488 0.654366 0.000000 0.017823 0.000801
169.0 0.076789 0.653087 0.000000 0.017772 0.000801
170.0 0.078065 0.651860 0.000000 0.017723 0.000802
171.0 0.079309 0.650695 0.000000 0.017675 0.000803
172.0 0.080508 0.649602 0.000000 0.017629 0.000804
173.0 0.081656 0.648592 0.000000 0.017585 0.000806
174.0 0.082745 0.647674 0.000000 0.017541 0.000807
175.0 0.083769 0.646859 0.000000 0.017497 0.000809
176.0 0.084722 0.646150 0.000000 0.017454 0.000810
177.0 0.085602 0.645554 0.000000 0.017411 0.000811
178.0 0.086405 0.645072 0.000000 0.017368 0.000812
179.0 0.087130 0.644702 0.000000 0.017325 0.000813
180.0 0.087779 0.644444 0.000000 0.017282 0.000815
181.0 0.088353 0.644291 0.000000 0.017239 0.000816
182.0 0.088855 0.644236 0.000000 0.017196 0.000818
183.0 0.089290 0.644274 0.000000 0.017155 0.000821
184.0 0.089665 0.644392 0.000000 0.017115 0.000823
185.0 0.089986 0.644581 0.000000 0.017076 0.000826
186.0 0.090264 0.644831 0.000000 0.017040 0.000830
187.0 0.090507 0.645129 0.000000 0.017006 0.000833
188.0 0.090726 0.645463 0.000000 0.016975 0.000836
189.0 0.090934 0.645822 0.000000 0.016945 0.000839
190.0 0.091141 0.646195 0.000000 0.016917 0.000842
191.0 0.091359 0.646571 0.000000 0.016891 0.000844
192.0 0.091600 0.646937 0.000000 0.016864 0.000845
193.0 0.091875 0.647287 0.000000 0.016838 0.000847
194.0 0.092193 0.647611 0.000000 0.016810 0.000848
195.0 0.092563 0.647899 0.000000 0.016781 0.000849
196.0 0.092995 0.648148 0.000000 0.016750 0.000850
197.0 0.093493 0.648350 0.000000 0.016718 0.000851
198.0 0.094062 0.648501 0.000000 0.016682 0.000852
199.0 0.094706 0.648598 0.000000 0.016646 0.000854
200.0 0.095428 0.648637 0.000000 0.016607 0.000855
