#Time E_0 E_1 E_2 E_3 E_4
0.0 -7.73787446 -7.62166357 -7.49518309 -7.44413110 -7.22990971
1.0 -7.73797021 -7.62174068 -7.49525160 -7.44417758 -7.22994318
2.0 -7.73825747 -7.62197231 -7.49545709 -7.44431722 -7.23004407
3.0 -7.73873637 -7.62235936 -7.49579943 -7.44455057 -7.23021375
4.0 -7.73940708 -7.62290332 -7.49627841 -7.44487853 -7.23045452
5.0 -7.74026985 -7.62360623 -7.49689371 -7.44530240 -7.23076960
6.0 -7.74132498 -7.62447066 -7.49764495 -7.44582386 -7.23116304
7.0 -7.74257285 -7.62549970 -7.49853167 -7.44644496 -7.23163978
8.0 -7.74401384 -7.62669688 -7.49955331 -7.44716817 -7.23220554
9.0 -7.74564842 -7.62806611 -7.50070927 -7.44799635 -7.23286684
10.0 -7.74747704 -7.62961169 -7.50199887 -7.44893276 -7.23363093
11.0 -7.74950019 -7.63133816 -7.50342135 -7.44998107 -7.23450575
12.0 -7.75171835 -7.63325033 -7.50497592 -7.45114536 -7.23549991
13.0 -7.75413198 -7.63535315 -7.50666174 -7.45243010 -7.23662261
14.0 -7.75674152 -7.63765167 -7.50847792 -7.45384011 -7.23788361
15.0 -7.75954735 -7.64015099 -7.51042355 -7.45538058 -7.23929320
16.0 -7.76254980 -7.64285616 -7.51249769 -7.45705699 -7.24086215
17.0 -7.76574911 -7.64577217 -7.51469938 -7.45887510 -7.24260163
18.0 -7.76914543 -7.64890386 -7.51702768 -7.46084086 -7.24452323
19.0 -7.77273876 -7.65225587 -7.51948162 -7.46296039 -7.24663890
20.0 -7.77652899 -7.65583261 -7.52206026 -7.46523985 -7.24896089
21.0 -7.78051585 -7.65963817 -7.52476267 -7.46768541 -7.25150173
22.0 -7.78469888 -7.66367635 -7.52758791 -7.47030311 -7.25427424
23.0 -7.78907742 -7.66795057 -7.53053509 -7.47309882 -7.25729144
24.0 -7.79365061 -7.67246382 -7.53360332 -7.47607807 -7.26056655
25.0 -7.79841735 -7.67721870 -7.53679174 -7.47924603 -7.26411297
26.0 -7.80337628 -7.68221730 -7.54009948 -7.48260734 -7.26794426
27.0 -7.80852577 -7.68746125 -7.54352569 -7.48616602 -7.27207410
28.0 -7.81386392 -7.69295165 -7.54706951 -7.48992543 -7.27651627
29.0 -7.81938852 -7.69868905 -7.55073006 -7.49388811 -7.28128462
30.0 -7.82509705 -7.70467340 -7.55450644 -7.49805577 -7.28639306
31.0 -7.83098667 -7.71090408 -7.55839770 -7.50242918 -7.29185550
32.0 -7.83705422 -7.71737980 -7.56240283 -7.50700813 -7.29768581
33.0 -7.84329617 -7.72409862 -7.56652076 -7.51179143 -7.30389776
34.0 -7.84970870 -7.73105789 -7.57075029 -7.51677684 -7.31050498
35.0 -7.85628761 -7.73825425 -7.57509013 -7.52196111 -7.31752083
36.0 -7.86302837 -7.74568353 -7.57953885 -7.52733998 -7.32495831
37.0 -7.86992610 -7.75334082 -7.58409486 -7.53290820 -7.33282989
38.0 -7.87697561 -7.76122036 -7.58875639 -7.53865959 -7.34114738
39.0 -7.88417135 -7.76931554 -7.59352149 -7.54458710 -7.34992170
40.0 -7.89150751 -7.77761889 -7.59838800 -7.55068287 -7.35916265
41.0 -7.89897794 -7.78612206 -7.60335351 -7.55693830 -7.36887865
42.0 -7.90657625 -7.79481583 -7.60841541 -7.56334416 -7.37907642
43.0 -7.91429578 -7.80369005 -7.61357081 -7.56989065 -7.38976071
44.0 -7.92212965 -7.81273371 -7.61881657 -7.57656749 -7.40093395
45.0 -7.93007077 -7.82193493 -7.62414929 -7.58336405 -7.41259602
46.0 -7.93811190 -7.83128097 -7.62956530 -7.59026939 -7.42474393
47.0 -7.94624567 -7.84075828 -7.63506067 -7.59727237 -7.43737167
48.0 -7.95446458 -7.85035256 -7.64063120 -7.60436172 -7.45047008
49.0 -7.96276111 -7.86004876 -7.64627244 -7.61152611 -7.46402678
50.0 -7.97112768 -7.86983118 -7.65197970 -7.61875423 -7.47802627
51.0 -7.97955674 -7.87968350 -7.65774807 -7.62603485 -7.49245003
52.0 -7.98804078 -7.88958890 -7.66357240 -7.63335687 -7.50727678
53.0 -7.99657237 -7.89953013 -7.66944739 -7.64070934 -7.52248273
54.0 -8.00514418 -7.90948955 -7.67536755 -7.64808158 -7.53804197
55.0 -8.01374902 -7.91944931 -7.68132727 -7.65546312 -7.55392684
56.0 -8.02237984 -7.92939139 -7.68732085 -7.66284382 -7.57010827
57.0 -8.03102977 -7.93929772 -7.69334252 -7.67021382 -7.58655622
58.0 -8.03969206 -7.94915033 -7.69938651 -7.67756363 -7.60323997
59.0 -8.04836016 -7.95893143 -7.70544711 -7.68488408 -7.62012849
60.0 -8.05702761 -7.96862355 -7.71151879 -7.69216638 -7.63719068
61.0 -8.06568808 -7.97820971 -7.71759632 -7.69940211 -7.65439549
62.0 -8.07433533 -7.98767348 -7.72367514 -7.70658323 -7.67171191
63.0 -8.08296314 -7.99699918 -7.72975212 -7.71370218 -7.68910828
64.0 -8.09156526 -8.00617195 -7.73582795 -7.72075250 -7.70654954
65.0 -8.10013541 -8.01517791 -7.74191858 -7.72774036 -7.72397439
66.0 -8.10866722 -8.02400426 -7.74817855 -7.74126903 -7.73458766
67.0 -8.11715416 -8.03263936 -7.75956990 -7.75334166 -7.74138864
68.0 -8.12558959 -8.04107283 -7.77671782 -7.75959310 -7.74808379
69.0 -8.13396668 -8.04929558 -7.79402949 -7.76558733 -7.75467048
70.0 -8.14227847 -8.05729985 -7.81128918 -7.77151805 -7.76114126
71.0 -8.15051784 -8.06507921 -7.82845431 -7.77740883 -7.76748777
72.0 -8.15867762 -8.07262859 -7.84550038 -7.78326769 -7.77370110
73.0 -8.16675059 -8.07994417 -7.86240804 -7.78909964 -7.77977222
74.0 -8.17472955 -8.08702342 -7.87916047 -7.79490875 -7.78569243
75.0 -8.18260744 -8.09386502 -7.89574255 -7.80069828 -7.79145410
76.0 -8.19037737 -8.10046878 -7.91214046 -7.80647019 -7.79705127
77.0 -8.19803270 -8.10683565 -7.92834151 -7.81222492 -7.80248013
78.0 -8.20556714 -8.11296767 -7.94433395 -7.81796131 -7.80773903
79.0 -8.21297479 -8.11886797 -7.96010676 -7.82367699 -7.81282816
80.0 -8.22025021 -8.12454085 -7.97564953 -7.82936888 -7.81774899
81.0 -8.22738846 -8.12999185 -7.99095212 -7.83503380 -7.82250369
82.0 -8.23438514 -8.13522795 -8.00600437 -7.84066886 -7.82709469
83.0 -8.24123644 -8.14025794 -8.02079566 -7.84627174 -7.83152439
84.0 -8.24793912 -8.14509293 -8.03531425 -7.85184078 -7.83579504
85.0 -8.25449053 -8.14974720 -8.04954629 -7.85737502 -7.83990870
86.0 -8.26088862 -8.15423957 -8.06347439 -7.86287412 -7.84386730
87.0 -8.26713196 -8.15859565 -8.07707525 -7.86833828 -7.84767267
88.0 -8.27321968 -8.16285153 -8.09031595 -7.87376825 -7.85132667
89.0 -8.27915149 -8.16705993 -8.10314759 -7.87916520 -7.85483117
90.0 -8.28492768 -8.17130059 -8.11549494 -7.88453077 -7.85818819
91.0 -8.29054909 -8.17569677 -8.12723981 -7.88986702 -7.86139996
92.0 -8.29601708 -8.18043748 -8.13819872 -7.89517650 -7.86446897
93.0 -8.30133358 -8.18579173 -8.14810862 -7.90046235 -7.86739807
94.0 -8.30650103 -8.19206789 -8.15666738 -7.90572840 -7.87019066
95.0 -8.31152243 -8.19946819 -8.16367927 -7.91097934 -7.87285095
96.0 -8.31640131 -8.20793652 -8.16920701 -7.91622098 -7.87538470
97.0 -8.32114183 -8.21720195 -8.17352814 -7.92146056 -7.87780098
98.0 -8.32574878 -8.22695565 -8.17695802 -7.92670716 -7.88011885
99.0 -8.33022770 -8.23695744 -8.17974306 -7.93197214 -7.88240398
100.0 -8.33458500 -8.24704718 -8.18204914 -7.93726974 -7.88526077
101.0 -8.33882817 -8.25712288 -8.18398326 -7.94261765 -7.89201614
102.0 -8.34296608 -8.26711888 -8.18561499 -7.94803754 -7.90016045
103.0 -8.34700940 -8.27699091 -8.18699088 -7.95355530 -7.90823527
104.0 -8.35097129 -8.28670657 -8.18814329 -7.95920072 -7.91609694
105.0 -8.35486832 -8.29623903 -8.18909568 -7.96500610 -7.92368833
106.0 -8.35872204 -8.30556237 -8.18986571 -7.97100347 -7.93096700
107.0 -8.36256111 -8.31464734 -8.19046718 -7.97722047 -7.93789866
108.0 -8.36642460 -8.32345690 -8.19091129 -7.98367552 -7.94445942
109.0 -8.37036647 -8.33194090 -8.19120735 -7.99037397 -7.95063887
110.0 -8.37446078 -8.34003028 -8.19136335 -7.99730677 -7.95644113
111.0 -8.37880508 -8.34763331 -8.19138628 -8.00445223 -7.96188295
112.0 -8.38351503 -8.35464075 -8.19128237 -8.01178009 -7.96698968
113.0 -8.38869996 -8.36095000 -8.19105728 -8.01925618 -7.97179060
114.0 -8.39442029 -8.36650761 -8.19071619 -8.02684625 -7.97631511
115.0 -8.40065527 -8.37134141 -8.19026391 -8.03451847 -7.98059027
116.0 -8.40731418 -8.37554916 -8.18970493 -8.04224463 -7.98463962
117.0 -8.41427934 -8.37925556 -8.18904351 -8.05000044 -7.98848297
118.0 -8.42144278 -8.38257549 -8.18828367 -8.05776531 -7.99213657
119.0 -8.42872078 -8.38559940 -8.18742925 -8.06552189 -7.99561365
120.0 -8.43605362 -8.38839356 -8.18648394 -8.07325556 -7.99892491
121.0 -8.44340023 -8.39100534 -8.18545131 -8.08095396 -8.00207903
122.0 -8.45073279 -8.39346866 -8.18433484 -8.08860656 -8.00508310
123.0 -8.45803249 -8.39580812 -8.18313797 -8.09620426 -8.00794299
124.0 -8.46528661 -8.39804196 -8.18186415 -8.10373909 -8.01066360
125.0 -8.47248658 -8.40018402 -8.18051694 -8.11120389 -8.01324913
126.0 -8.47962661 -8.40224500 -8.17910016 -8.11859201 -8.01570327
127.0 -8.48670287 -8.40423339 -8.17761825 -8.12589679 -8.01802928
128.0 -8.49371286 -8.40615605 -8.17607695 -8.13311081 -8.02023017
129.0 -8.50065501 -8.40801858 -8.17448507 -8.14022402 -8.02230876
130.0 -8.50752837 -8.40982567 -8.17285977 -8.14721839 -8.02426773
131.0 -8.51433247 -8.41158125 -8.17124715 -8.15404729 -8.02610972
132.0 -8.52106713 -8.41328868 -8.16984999 -8.16050767 -8.02783735
133.0 -8.52773237 -8.41495083 -8.17036699 -8.16490085 -8.02945326
134.0 -8.53432834 -8.41657016 -8.17552191 -8.16450329 -8.03096021
135.0 -8.54085527 -8.41814883 -8.18179387 -8.16283631 -8.03236117
136.0 -8.54731341 -8.41968870 -8.18815332 -8.16093010 -8.03365955
137.0 -8.55370305 -8.42119137 -8.19446669 -8.15891898 -8.03485994
138.0 -8.56002443 -8.42265826 -8.20070014 -8.15683777 -8.03597083
139.0 -8.56627779 -8.42409059 -8.20684101 -8.15470021 -8.03702280
140.0 -8.57246334 -8.42548944 -8.21288339 -8.15251344 -8.03845374
141.0 -8.57858123 -8.42685572 -8.21882412 -8.15028199 -8.04195801
142.0 -8.58463160 -8.42819024 -8.22466134 -8.14800916 -8.04580428
143.0 -8.59061452 -8.42949369 -8.23039398 -8.14569763 -8.04961735
144.0 -8.59653004 -8.43076669 -8.23602141 -8.14334969 -8.05337229
145.0 -8.60237815 -8.43200973 -8.24154332 -8.14096742 -8.05706423
146.0 -8.60815882 -8.43322328 -8.24695967 -8.13855275 -8.06069191
147.0 -8.61387198 -8.43440772 -8.25227056 -8.13610749 -8.06425516
148.0 -8.61951753 -8.43556338 -8.25747629 -8.13363338 -8.06775420
149.0 -8.62509535 -8.43669055 -8.26257727 -8.13113209 -8.07118943
150.0 -8.63060530 -8.43778947 -8.26757401 -8.12860525 -8.07456134
151.0 -8.63604722 -8.43886036 -8.27246713 -8.12605447 -8.07787044
152.0 -8.64142093 -8.43990342 -8.27725735 -8.12348130 -8.08111727
153.0 -8.64672626 -8.44091882 -8.28194545 -8.12088730 -8.08430235
154.0 -8.65196303 -8.44190671 -8.28653229 -8.11827407 -8.08742616
155.0 -8.65713104 -8.44286724 -8.29101876 -8.11564326 -8.09048907
156.0 -8.66223012 -8.44380054 -8.29540583 -8.11299678 -8.09349121
157.0 -8.66726010 -8.44470675 -8.29969453 -8.11033728 -8.09643191
158.0 -8.67222081 -8.44558601 -8.30388589 -8.10767081 -8.09930710
159.0 -8.67711210 -8.44643844 -8.30798100 -8.10503825 -8.10207785
160.0 -8.68193383 -8.44726419 -8.31198099 -8.10503312 -8.10215256
161.0 -8.68668589 -8.44806340 -8.31588699 -8.10768810 -8.09950049
162.0 -8.69136819 -8.44883622 -8.31970016 -8.11033556 -8.09679115
163.0 -8.69598064 -8.44958283 -8.32342169 -8.11293490 -8.09406705
164.0 -8.70052320 -8.45030339 -8.32705277 -8.11548195 -8.09133419
165.0 -8.70499583 -8.45099808 -8.33059460 -8.11797605 -8.08859512
166.0 -8.70939854 -8.45166711 -8.33404839 -8.12041734 -8.08585153
167.0 -8.71373135 -8.45231068 -8.33741535 -8.12280621 -8.08310489
168.0 -8.71799431 -8.45292902 -8.34069670 -8.12514319 -8.08035651
169.0 -8.72218749 -8.45352237 -8.34389364 -8.12742883 -8.07760769
170.0 -8.72631100 -8.45409096 -8.34700739 -8.12966373 -8.07485968
171.0 -8.73036498 -8.45463508 -8.35003913 -8.13184851 -8.07211378
172.0 -8.73434958 -8.45515499 -8.35299006 -8.13398379 -8.06937127
173.0 -8.73826499 -8.45565098 -8.35586136 -8.13607018 -8.06663352
174.0 -8.74211142 -8.45612337 -8.35865419 -8.13810833 -8.06390197
175.0 -8.74588912 -8.45657245 -8.36136971 -8.14009885 -8.06117814
176.0 -8.74959833 -8.45699857 -8.36400906 -8.14204239 -8.05846375
177.0 -8.75323936 -8.45740207 -8.36657336 -8.14393956 -8.05576072
178.0 -8.75681251 -8.45778329 -8.36906372 -8.14579101 -8.05307131
179.0 -8.76031813 -8.45814260 -8.37148123 -8.14759736 -8.05039823
180.0 -8.76375657 -8.45848038 -8.37382694 -8.14935923 -8.04774485
181.0 -8.76712821 -8.45879700 -8.37610193 -8.15107725 -8.04511551
182.0 -8.77043345 -8.45909286 -8.37830721 -8.15275204 -8.04251600
183.0 -8.77367273 -8.45936837 -8.38044381 -8.15438421 -8.03995425
184.0 -8.77684647 -8.45962392 -8.38251270 -8.15597439 -8.03744143
185.0 -8.77995514 -8.45985994 -8.38451487 -8.15752318 -8.03499354
186.0 -8.78299922 -8.46007686 -8.38645126 -8.15903119 -8.03263342
187.0 -8.78597918 -8.46027510 -8.38832281 -8.16049902 -8.03039265
188.0 -8.78889555 -8.46045509 -8.39013042 -8.16192727 -8.02831070
189.0 -8.79174885 -8.46061728 -8.39187499 -8.16331653 -8.02642715
190.0 -8.79453961 -8.46076210 -8.39355739 -8.16466738 -8.02476552
191.0 -8.79726837 -8.46089001 -8.39517846 -8.16598042 -8.02331934
192.0 -8.79993570 -8.46100144 -8.39673906 -8.16725621 -8.02205546
193.0 -8.80254216 -8.46109686 -8.39823998 -8.16849533 -8.02093100
194.0 -8.80508835 -8.46117670 -8.39968204 -8.16969835 -8.01990741
195.0 -8.80757484 -8.46124140 -8.40106602 -8.17086582 -8.01895537
196.0 -8.81000224 -8.46129142 -8.40239269 -8.17199831 -8.01805420
197.0 -8.81237116 -8.46132719 -8.40366281 -8.17309635 -8.01718964
198.0 -8.81468221 -8.46134915 -8.40487712 -8.17416049 -8.01635185
199.0 -8.81693601 -8.46135772 -8.40603636 -8.17519128 -8.01553391
200.0 -8.81913319 -8.46135333 -8.40714125 -8.17618923 -8.01473085
