# Time Pop_0 Pop_1 Pop_2 Pop_3 Pop_4
0.0 0.000000 1.000000 0.000000 0.000000 0.000000
1.0 0.000000 1.000000 0.000000 0.000000 0.000000
2.0 0.000000 0.999999 0.000000 0.000000 0.000000
3.0 0.000001 0.999995 0.000000 0.000001 0.000000
4.0 0.000004 0.999985 0.000001 0.000003 0.000000
5.0 0.000009 0.999963 0.000001 0.000007 0.000000
6.0 0.000019 0.999925 0.000003 0.000014 0.000000
7.0 0.000035 0.999862 0.000006 0.000025 0.000001
8.0 0.000060 0.999767 0.000010 0.000039 0.000001
9.0 0.000096 0.999632 0.000015 0.000059 0.000001
10.0 0.000147 0.999445 0.000023 0.000083 0.000002
11.0 0.000217 0.999199 0.000034 0.000112 0.000002
12.0 0.000310 0.998881 0.000048 0.000143 0.000003
13.0 0.000430 0.998481 0.000067 0.000177 0.000003
14.0 0.000582 0.997987 0.000089 0.000211 0.000004
15.0 0.000773 0.997387 0.000117 0.000242 0.000005
16.0 0.001009 0.996667 0.000150 0.000269 0.000006
17.0 0.001297 0.995813 0.000190 0.000289 0.000008
18.0 0.001643 0.994814 0.000236 0.000300 0.000010
19.0 0.002057 0.993653 0.000289 0.000301 0.000012
20.0 0.002547 0.992315 0.000348 0.000290 0.000016
21.0 0.003123 0.990781 0.000415 0.000266 0.000020
22.0 0.003794 0.989034 0.000489 0.000232 0.000024
23.0 0.004571 0.987054 0.000569 0.000189 0.000029
24.0 0.005465 0.984823 0.000655 0.000142 0.000035
25.0 0.006489 0.982315 0.000748 0.000095 0.000042
26.0 0.007656 0.979505 0.000845 0.000057 0.000049
27.0 0.008978 0.976371 0.000946 0.000035 0.000058
28.0 0.010469 0.972886 0.001051 0.000041 0.000068
29.0 0.012147 0.969023 0.001157 0.000086 0.000080
30.0 0.014024 0.964751 0.001265 0.000184 0.000095
31.0 0.016120 0.960041 0.001373 0.000349 0.000113
32.0 0.018451 0.954864 0.001480 0.000597 0.000135
33.0 0.021037 0.949194 0.001584 0.000942 0.000162
34.0 0.023896 0.942993 0.001686 0.001402 0.000195
35.0 0.027050 0.936228 0.001783 0.001991 0.000235
36.0 0.030520 0.928870 0.001875 0.002726 0.000282
37.0 0.034330 0.920891 0.001961 0.003621 0.000337
38.0 0.038502 0.912260 0.002040 0.004690 0.000402
39.0 0.043064 0.902948 0.002112 0.005945 0.000477
40.0 0.048039 0.892929 0.002177 0.007396 0.000563
41.0 0.053457 0.882175 0.002234 0.009054 0.000661
42.0 0.059343 0.870661 0.002284 0.010926 0.000772
43.0 0.065727 0.858361 0.002326 0.013017 0.000898
44.0 0.072637 0.845249 0.002360 0.015331 0.001041
45.0 0.080103 0.831307 0.002387 0.017870 0.001202
46.0 0.088154 0.816515 0.002408 0.020633 0.001382
47.0 0.096815 0.800852 0.002423 0.023619 0.001582
48.0 0.106115 0.784308 0.002432 0.026823 0.001803
49.0 0.116078 0.766880 0.002437 0.030240 0.002044
50.0 0.126727 0.748559 0.002436 0.033861 0.002303
51.0 0.138078 0.729337 0.002432 0.037679 0.002579
52.0 0.150144 0.709226 0.002423 0.041683 0.002869
53.0 0.162935 0.688237 0.002410 0.045861 0.003171
54.0 0.176452 0.666392 0.002394 0.050200 0.003481
55.0 0.190685 0.643716 0.002373 0.054687 0.003799
56.0 0.205612 0.620241 0.002346 0.059310 0.004126
57.0 0.221204 0.596017 0.002314 0.064053 0.004459
58.0 0.237422 0.571115 0.002273 0.068899 0.004801
59.0 0.254210 0.545609 0.002221 0.073829 0.005152
60.0 0.271493 0.519583 0.002158 0.078826 0.005517
61.0 0.289183 0.493144 0.002080 0.083871 0.005901
62.0 0.307181 0.466417 0.001986 0.088928 0.006320
63.0 0.325379 0.439535 0.001878 0.093933 0.006820
64.0 0.343649 0.412639 0.001772 0.098658 0.007596
65.0 0.361850 0.385872 0.001731 0.100185 0.011487
66.0 0.379839 0.359387 0.002335 0.003937 0.112476
67.0 0.397475 0.333342 0.007453 0.000154 0.116433
68.0 0.414622 0.307891 0.007767 0.000251 0.121253
69.0 0.431136 0.283169 0.008119 0.000181 0.126132
70.0 0.446892 0.259303 0.008469 0.000171 0.130880
71.0 0.461779 0.236413 0.008811 0.000363 0.135355
72.0 0.475705 0.214592 0.009146 0.000900 0.139405
73.0 0.488604 0.193916 0.009478 0.001934 0.142871
74.0 0.500420 0.174436 0.009810 0.003603 0.145611
75.0 0.511116 0.156183 0.010146 0.005991 0.147536
76.0 0.520685 0.139168 0.010486 0.009104 0.148641
77.0 0.529133 0.123388 0.010835 0.012851 0.149019
78.0 0.536479 0.108814 0.011196 0.017070 0.148831
79.0 0.542747 0.095406 0.011572 0.021564 0.148277
80.0 0.547977 0.083120 0.011964 0.026144 0.147549
81.0 0.552214 0.071899 0.012370 0.030660 0.146799
82.0 0.555512 0.061682 0.012793 0.035007 0.146136
83.0 0.557921 0.052407 0.013238 0.039122 0.145624
84.0 0.559493 0.044005 0.013711 0.042978 0.145292
85.0 0.560281 0.036409 0.014221 0.046568 0.145146
86.0 0.560344 0.029561 0.014771 0.049904 0.145175
87.0 0.559737 0.023400 0.015368 0.052996 0.145356
88.0 0.558505 0.017873 0.016014 0.055861 0.145661
89.0 0.556691 0.012942 0.016701 0.058514 0.146057
90.0 0.554340 0.008598 0.017399 0.060968 0.146512
91.0 0.551493 0.004896 0.018015 0.063230 0.146990
92.0 0.548185 0.002011 0.018342 0.065304 0.147455
93.0 0.544444 0.000293 0.018004 0.067186 0.147858
94.0 0.540285 0.000164 0.016558 0.068869 0.148134
95.0 0.535731 0.001681 0.013932 0.070339 0.148182
96.0 0.530796 0.004256 0.010703 0.071572 0.147823
97.0 0.525476 0.007150 0.007610 0.072534 0.146677
98.0 0.519755 0.009977 0.005046 0.073175 0.143606
99.0 0.513613 0.012686 0.003089 0.073434 0.133538
100.0 0.507013 0.015370 0.001684 0.073234 0.066465
101.0 0.499904 0.018173 0.000748 0.072481 0.000157
102.0 0.492206 0.021261 0.000210 0.071071 0.006334
103.0 0.483773 0.024826 0.000010 0.068894 0.012738
104.0 0.474407 0.029111 0.000103 0.065852 0.019122
105.0 0.463824 0.034438 0.000451 0.061894 0.025964
106.0 0.451612 0.041254 0.001027 0.057053 0.033429
107.0 0.437161 0.050195 0.001805 0.051474 0.041471
108.0 0.419580 0.062174 0.002766 0.045416 0.049883
109.0 0.397618 0.078457 0.003893 0.039214 0.058349
110.0 0.369689 0.100645 0.005169 0.033207 0.066541
111.0 0.334224 0.130329 0.006581 0.027669 0.074199
112.0 0.290702 0.168040 0.008117 0.022767 0.081159
113.0 0.241249 0.211653 0.009766 0.018562 0.087362
114.0 0.191172 0.255862 0.011517 0.015034 0.092820
115.0 0.146554 0.294594 0.013360 0.012122 0.097597
116.0 0.110884 0.324368 0.015286 0.009742 0.101777
117.0 0.084310 0.345048 0.017288 0.007809 0.105446
118.0 0.065172 0.358296 0.019357 0.006245 0.108678
119.0 0.051503 0.366076 0.021484 0.004980 0.111535
120.0 0.041680 0.370024 0.023662 0.003958 0.114075
121.0 0.034527 0.371324 0.025885 0.003130 0.116345
122.0 0.029236 0.370792 0.028148 0.002459 0.118385
123.0 0.025263 0.368984 0.030447 0.001914 0.120217
124.0 0.022235 0.366272 0.032774 0.001470 0.121854
125.0 0.019901 0.362915 0.035124 0.001105 0.123319
126.0 0.018083 0.359100 0.037496 0.000803 0.124624
127.0 0.016660 0.354967 0.039887 0.000550 0.125789
128.0 0.015543 0.350613 0.042296 0.000333 0.126817
129.0 0.014665 0.346106 0.044713 0.000150 0.127716
130.0 0.013979 0.341504 0.047104 0.000019 0.128484
131.0 0.013445 0.336850 0.049295 0.000109 0.129119
132.0 0.013035 0.332181 0.049613 0.002083 0.129620
133.0 0.012726 0.327531 0.027245 0.026753 0.129990
134.0 0.012500 0.322918 0.006511 0.049791 0.130200
135.0 0.012346 0.318352 0.003098 0.055506 0.130217
136.0 0.012253 0.313852 0.002056 0.058845 0.129907
137.0 0.012213 0.309428 0.001593 0.061597 0.129043
138.0 0.012220 0.305086 0.001348 0.064122 0.126768
139.0 0.012267 0.300836 0.001210 0.066528 0.118403
140.0 0.012349 0.296676 0.001134 0.068857 0.036829
141.0 0.012464 0.292608 0.001099 0.071125 0.000267
142.0 0.012609 0.288642 0.001096 0.073342 0.002349
143.0 0.012782 0.284777 0.001117 0.075514 0.003656
144.0 0.012980 0.281011 0.001159 0.077645 0.004479
145.0 0.013200 0.277337 0.001220 0.079733 0.005064
146.0 0.013439 0.273755 0.001299 0.081777 0.005522
147.0 0.013697 0.270262 0.001396 0.083771 0.005907
148.0 0.013970 0.266866 0.001512 0.085712 0.006249
149.0 0.014258 0.263568 0.001647 0.087598 0.006566
150.0 0.014558 0.260364 0.001802 0.089421 0.006872
151.0 0.014865 0.257256 0.001977 0.091174 0.007176
152.0 0.015180 0.254239 0.002173 0.092845 0.007490
153.0 0.015501 0.251314 0.002389 0.094423 0.007826
154.0 0.015828 0.248479 0.002628 0.095892 0.008202
155.0 0.016159 0.245729 0.002890 0.097218 0.008649
156.0 0.016496 0.243058 0.003176 0.098335 0.009233
157.0 0.016836 0.240463 0.003486 0.099067 0.010129
158.0 0.017182 0.237943 0.003824 0.098744 0.012003
159.0 0.017534 0.235495 0.004191 0.090870 0.021352
160.0 0.017889 0.233117 0.004589 0.001133 0.112484
161.0 0.018249 0.230808 0.005017 0.005399 0.109531
162.0 0.018613 0.228563 0.005476 0.006838 0.109323
163.0 0.018981 0.226382 0.005969 0.007624 0.109680
164.0 0.019353 0.224265 0.006495 0.008173 0.110181
165.0 0.019728 0.222207 0.007057 0.008612 0.110693
166.0 0.020106 0.220208 0.007655 0.008991 0.111159
167.0 0.020483 0.218264 0.008288 0.009335 0.111547
168.0 0.020859 0.216375 0.008959 0.009655 0.111830
169.0 0.021234 0.214542 0.009668 0.009957 0.111993
170.0 0.021608 0.212765 0.010419 0.010244 0.112018
171.0 0.021980 0.211040 0.011211 0.010520 0.111884
172.0 0.022352 0.209360 0.012047 0.010787 0.111575
173.0 0.022723 0.207720 0.012925 0.011047 0.111051
174.0 0.023093 0.206109 0.013847 0.011302 0.110284
175.0 0.023464 0.204526 0.014818 0.011553 0.109240
176.0 0.023836 0.202966 0.015840 0.011800 0.107854
177.0 0.024210 0.201425 0.016918 0.012042 0.106068
178.0 0.024584 0.199896 0.018054 0.012282 0.103802
179.0 0.024958 0.198377 0.019248 0.012519 0.100952
180.0 0.025330 0.196862 0.020504 0.012754 0.097390
181.0 0.025703 0.195350 0.021824 0.012987 0.092949
182.0 0.026075 0.193833 0.023209 0.013217 0.087415
183.0 0.026446 0.192305 0.024661 0.013446 0.080524
184.0 0.026816 0.190757 0.026181 0.013670 0.071971
185.0 0.027179 0.189187 0.027768 0.013892 0.061463
186.0 0.027536 0.187590 0.029426 0.014111 0.048882
187.0 0.027884 0.185964 0.031157 0.014329 0.034638
188.0 0.028223 0.184306 0.032962 0.014545 0.020205
189.0 0.028554 0.182611 0.034845 0.014758 0.008226
190.0 0.028877 0.180876 0.036806 0.014968 0.001411
191.0 0.029194 0.179101 0.038846 0.015176 0.000499
192.0 0.029505 0.177284 0.040969 0.015381 0.003940
193.0 0.029812 0.175420 0.043176 0.015586 0.009504
194.0 0.030114 0.173503 0.045468 0.015790 0.015542
195.0 0.030412 0.171531 0.047849 0.015994 0.021214
196.0 0.030705 0.169499 0.050319 0.016199 0.026200
197.0 0.030994 0.167411 0.052879 0.016402 0.030445
198.0 0.031278 0.165266 0.055531 0.016604 0.033996
199.0 0.031559 0.163059 0.058275 0.016804 0.036934
200.0 0.031836 0.160793 0.061109 0.017000 0.039345
