#Time E_0 E_1 E_2 E_3 E_4
0.0 -7.71655423 -7.59749122 -7.47163691 -7.21483584 -7.15033151
1.0 -7.71665663 -7.59756695 -7.47170554 -7.21486911 -7.15035633
2.0 -7.71696517 -7.59779370 -7.47191256 -7.21497959 -7.15044176
3.0 -7.71747755 -7.59816807 -7.47225560 -7.21516578 -7.15058696
4.0 -7.71818987 -7.59868434 -7.47273063 -7.21542466 -7.15079000
5.0 -7.71909661 -7.59933454 -7.47333206 -7.21575199 -7.15104819
6.0 -7.72019069 -7.60010849 -7.47405270 -7.21614232 -7.15135805
7.0 -7.72146347 -7.60099391 -7.47488388 -7.21658908 -7.15171535
8.0 -7.72290474 -7.60197646 -7.47581544 -7.21708452 -7.15211516
9.0 -7.72450275 -7.60303991 -7.47683582 -7.21761983 -7.15255182
10.0 -7.72624423 -7.60416620 -7.47793213 -7.21818516 -7.15301897
11.0 -7.72811444 -7.60533561 -7.47909021 -7.21876966 -7.15350961
12.0 -7.73009720 -7.60652684 -7.48029468 -7.21936155 -7.15401613
13.0 -7.73217490 -7.60771723 -7.48152906 -7.21994819 -7.15453030
14.0 -7.73432863 -7.60888283 -7.48277586 -7.22051614 -7.15504334
15.0 -7.73653821 -7.60999859 -7.48401661 -7.22105123 -7.15554594
16.0 -7.73878229 -7.61103849 -7.48523200 -7.22153865 -7.15602833
17.0 -7.74103843 -7.61197569 -7.48640197 -7.22196304 -7.15648026
18.0 -7.74328325 -7.61278268 -7.48750576 -7.22230855 -7.15689111
19.0 -7.74549253 -7.61343139 -7.48852206 -7.22255896 -7.15724989
20.0 -7.74764138 -7.61389333 -7.48942905 -7.22269775 -7.15754531
21.0 -7.74970435 -7.61413976 -7.49020452 -7.22270820 -7.15776578
22.0 -7.75165560 -7.61414174 -7.49082596 -7.22257349 -7.15789952
23.0 -7.75346911 -7.61387031 -7.49127067 -7.22227681 -7.15793458
24.0 -7.75511880 -7.61329659 -7.49151580 -7.22180141 -7.15785888
25.0 -7.75657871 -7.61239186 -7.49153848 -7.22113076 -7.15766027
26.0 -7.75782322 -7.61112774 -7.49131589 -7.22024857 -7.15732658
27.0 -7.75882716 -7.60947624 -7.49082537 -7.21913894 -7.15684568
28.0 -7.75956601 -7.60740994 -7.49004446 -7.21778643 -7.15620553
29.0 -7.76001606 -7.60490203 -7.48895101 -7.21617612 -7.15539422
30.0 -7.76015452 -7.60192654 -7.48752325 -7.21429373 -7.15440007
31.0 -7.75995973 -7.59845839 -7.48573986 -7.21212566 -7.15321163
32.0 -7.75941122 -7.59447355 -7.48358002 -7.20965908 -7.15181778
33.0 -7.75848984 -7.58994920 -7.48102351 -7.20688202 -7.15020775
34.0 -7.75717787 -7.58486385 -7.47805072 -7.20378337 -7.14837124
35.0 -7.75545913 -7.57919753 -7.47464275 -7.20035302 -7.14629840
36.0 -7.75331899 -7.57293192 -7.47078141 -7.19658184 -7.14397996
37.0 -7.75074449 -7.56605056 -7.46644926 -7.19246178 -7.14140725
38.0 -7.74772436 -7.55853897 -7.46162964 -7.18798591 -7.13857225
39.0 -7.74424906 -7.55038489 -7.45630667 -7.18314841 -7.13546768
40.0 -7.74031083 -7.54157847 -7.45046524 -7.17794469 -7.13208702
41.0 -7.73590364 -7.53211243 -7.44409097 -7.17237135 -7.12842460
42.0 -7.73102329 -7.52198236 -7.43717016 -7.16642621 -7.12447561
43.0 -7.72566732 -7.51118692 -7.42968969 -7.16010838 -7.12023617
44.0 -7.71983508 -7.49972812 -7.42163689 -7.15341820 -7.11570336
45.0 -7.71352766 -7.48761165 -7.41299936 -7.14635731 -7.11087530
46.0 -7.70674786 -7.47484725 -7.40376470 -7.13892858 -7.10575112
47.0 -7.69950022 -7.46144913 -7.39392021 -7.13113616 -7.10033102
48.0 -7.69179094 -7.44743648 -7.38345242 -7.12298543 -7.09461630
49.0 -7.68362785 -7.43283406 -7.37234667 -7.11448302 -7.08860936
50.0 -7.67502036 -7.41767283 -7.36058644 -7.10563674 -7.08231373
51.0 -7.66597942 -7.40199058 -7.34815284 -7.09645564 -7.07573403
52.0 -7.65651744 -7.38583238 -7.33502414 -7.08694992 -7.06887600
53.0 -7.64664824 -7.36925059 -7.32117585 -7.07713099 -7.06174649
54.0 -7.63638699 -7.35230398 -7.30658158 -7.06701144 -7.05435339
55.0 -7.62575008 -7.33505528 -7.29121553 -7.05660507 -7.04670566
56.0 -7.61475508 -7.31756691 -7.27505677 -7.04592688 -7.03881323
57.0 -7.60342066 -7.29989501 -7.25809516 -7.03499316 -7.03068700
58.0 -7.59176642 -7.28208337 -7.24033759 -7.02382140 -7.02233877
59.0 -7.57981287 -7.26415924 -7.22181199 -7.01378118 -7.01243035
60.0 -7.56758128 -7.24613331 -7.20256757 -7.00502763 -7.00083987
61.0 -7.55509355 -7.22800352 -7.18267093 -6.99609223 -6.98907077
62.0 -7.54237216 -7.20976120 -7.16220005 -6.98698970 -6.97714449
63.0 -7.52944001 -7.19139705 -7.14123838 -6.97773532 -6.96508250
64.0 -7.51632030 -7.17290554 -7.11987065 -6.96834482 -6.95290556
65.0 -7.50303646 -7.15428731 -7.09818054 -6.95883429 -6.94063259
66.0 -7.48961201 -7.13555018 -7.07625016 -6.94922013 -6.92827923
67.0 -7.47607047 -7.11670898 -7.05416054 -6.93951894 -6.91585607
68.0 -7.46243524 -7.09778503 -7.03199302 -6.92974742 -6.90336652
69.0 -7.44872954 -7.07880524 -7.00983123 -6.91992233 -6.89080415
70.0 -7.43497628 -7.05980121 -6.98776386 -6.91006037 -6.87814954
71.0 -7.42119800 -7.04080820 -6.96588837 -6.90017814 -6.86536626
72.0 -7.40741677 -7.02186416 -6.94431590 -6.89029203 -6.85239594
73.0 -7.39365415 -7.00300862 -6.92317705 -6.88041815 -6.83915258
74.0 -7.37993108 -6.98428168 -6.90262719 -6.87057229 -6.82551763
75.0 -7.36626784 -6.96572286 -6.88284685 -6.86076984 -6.81134016
76.0 -7.35268400 -6.94737013 -6.86402939 -6.85102571 -6.79645018
77.0 -7.33919832 -6.92925897 -6.84634785 -6.84135433 -6.78069278
78.0 -7.32582876 -6.91142166 -6.83176951 -6.82990605 -6.76397836
79.0 -7.31259238 -6.89388677 -6.82228448 -6.81470153 -6.74632104
80.0 -7.29950535 -6.87667911 -6.81291178 -6.80063023 -6.72783520
81.0 -7.28658288 -6.85981989 -6.80366327 -6.78752907 -6.70869380
82.0 -7.27383919 -6.84332741 -6.79455005 -6.77522380 -6.68908112
83.0 -7.26128751 -6.82721806 -6.78558248 -6.76355800 -6.66916363
84.0 -7.24894005 -6.81150781 -6.77677014 -6.75240204 -6.64908036
85.0 -7.23680800 -6.79621410 -6.76812182 -6.74165022 -6.62894425
86.0 -7.22490152 -6.78135822 -6.75964548 -6.73121354 -6.60884722
87.0 -7.21322975 -6.76696813 -6.75134833 -6.72101167 -6.58886523
88.0 -7.20180082 -6.75308154 -6.74323676 -6.71096572 -6.56906225
89.0 -7.19062192 -6.73974847 -6.73531638 -6.70099255 -6.54949296
90.0 -7.17969923 -6.72759209 -6.72703133 -6.69100249 -6.53020451
91.0 -7.16903807 -6.72006800 -6.71499950 -6.68090324 -6.51123760
92.0 -7.15864285 -6.71274758 -6.70371546 -6.67061268 -6.49262719
93.0 -7.14851717 -6.70563359 -6.69321450 -6.66007843 -6.47440295
94.0 -7.13866383 -6.69872819 -6.68348896 -6.64929304 -6.45658962
95.0 -7.12908490 -6.69203293 -6.67448861 -6.63829326 -6.43920735
96.0 -7.11978175 -6.68554881 -6.66613705 -6.62714326 -6.42227202
97.0 -7.11075512 -6.67927630 -6.65835193 -6.61591429 -6.40579560
98.0 -7.10200511 -6.67321538 -6.65105859 -6.60467078 -6.38978649
99.0 -7.09353127 -6.66736558 -6.64419543 -6.59346483 -6.37424990
100.0 -7.08533263 -6.66172599 -6.63771400 -6.58233605 -6.35918819
101.0 -7.07740772 -6.65629531 -6.63157682 -6.57131355 -6.34460122
102.0 -7.06975458 -6.65107187 -6.62575488 -6.56041844 -6.33048666
103.0 -7.06237084 -6.64605363 -6.62022546 -6.54966590 -6.31684026
104.0 -7.05525371 -6.64123825 -6.61497039 -6.53906685 -6.30365612
105.0 -7.04840004 -6.63662309 -6.60997481 -6.52862918 -6.29092691
106.0 -7.04180632 -6.63220522 -6.60522625 -6.51835859 -6.27864406
107.0 -7.03546872 -6.62798149 -6.60071399 -6.50825927 -6.26679790
108.0 -7.02938313 -6.62394850 -6.59642859 -6.49833431 -6.25537786
109.0 -7.02354518 -6.62010267 -6.59236157 -6.48858603 -6.24437255
110.0 -7.01795030 -6.61644027 -6.58850517 -6.47901626 -6.23376989
111.0 -7.01259372 -6.61295741 -6.58485219 -6.46962650 -6.22355721
112.0 -7.00747051 -6.60965009 -6.58139585 -6.46041806 -6.21372130
113.0 -7.00257565 -6.60651424 -6.57812976 -6.45139222 -6.20424851
114.0 -6.99790400 -6.60354570 -6.57504779 -6.44255026 -6.19512482
115.0 -6.99345038 -6.60074031 -6.57214407 -6.43389361 -6.18633584
116.0 -6.98920956 -6.59809385 -6.56941294 -6.42542387 -6.17786692
117.0 -6.98517632 -6.59560212 -6.56684894 -6.41714285 -6.16970312
118.0 -6.98134541 -6.59326092 -6.56444678 -6.40905264 -6.16182925
119.0 -6.97771162 -6.59106606 -6.56220131 -6.40115564 -6.15422993
120.0 -6.97426976 -6.58901340 -6.56010754 -6.39345453 -6.14688955
121.0 -6.97101466 -6.58709881 -6.55816060 -6.38595234 -6.13979232
122.0 -6.96794119 -6.58531820 -6.55635576 -6.37865236 -6.13292228
123.0 -6.96504427 -6.58366753 -6.55468837 -6.37155821 -6.12626329
124.0 -6.96231885 -6.58214280 -6.55315392 -6.36467376 -6.11979908
125.0 -6.95975994 -6.58074007 -6.55174797 -6.35800310 -6.11351329
126.0 -6.95736259 -6.57945544 -6.55046622 -6.35155053 -6.10738945
127.0 -6.95512191 -6.57828508 -6.54930443 -6.34532049 -6.10141109
128.0 -6.95303308 -6.57722520 -6.54825849 -6.33931751 -6.09556175
129.0 -6.95109133 -6.57627210 -6.54732437 -6.33354618 -6.08982507
130.0 -6.94929198 -6.57542215 -6.54649815 -6.32801104 -6.08418487
131.0 -6.94763042 -6.57467181 -6.54577601 -6.32271657 -6.07862519
132.0 -6.94610215 -6.57401759 -6.54515424 -6.31766709 -6.07313044
133.0 -6.94470275 -6.57345612 -6.54462925 -6.31286671 -6.06768546
134.0 -6.94342791 -6.57298411 -6.54419754 -6.30831922 -6.06227560
135.0 -6.94227341 -6.57259835 -6.54385572 -6.30402806 -6.05688688
136.0 -6.94123514 -6.57229573 -6.54360050 -6.29999618 -6.05150602
137.0 -6.94030910 -6.57207323 -6.54342870 -6.29622604 -6.04612055
138.0 -6.93949138 -6.57192790 -6.54333723 -6.29271947 -6.04071889
139.0 -6.93877817 -6.57185689 -6.54332311 -6.28947762 -6.03529042
140.0 -6.93816576 -6.57185742 -6.54338341 -6.28650093 -6.02982549
141.0 -6.93765050 -6.57192677 -6.54351532 -6.28378907 -6.02431550
142.0 -6.93722886 -6.57206233 -6.54371609 -6.28134092 -6.01875288
143.0 -6.93689738 -6.57226152 -6.54398306 -6.27915455 -6.01313108
144.0 -6.93665268 -6.57252187 -6.54431364 -6.27722725 -6.00744455
145.0 -6.93649145 -6.57284094 -6.54470533 -6.27555554 -6.00168871
146.0 -6.93641047 -6.57321638 -6.54515567 -6.27413522 -5.99585990
147.0 -6.93640661 -6.57364591 -6.54566231 -6.27296145 -5.98995528
148.0 -6.93647678 -6.57412732 -6.54622296 -6.27202877 -5.98397281
149.0 -6.93661802 -6.57465845 -6.54683539 -6.27133123 -5.97791116
150.0 -6.93682740 -6.57523723 -6.54749746 -6.27086242 -5.97176963
151.0 -6.93710209 -6.57586163 -6.54820710 -6.27061556 -5.96554810
152.0 -6.93743935 -6.57652969 -6.54896228 -6.27058360 -5.95924696
153.0 -6.93783649 -6.57723951 -6.54976105 -6.27075924 -5.95286705
154.0 -6.93829088 -6.57798925 -6.55060151 -6.27113503 -5.94640961
155.0 -6.93879997 -6.57877711 -6.55148182 -6.27170340 -5.93987623
156.0 -6.93936128 -6.57960133 -6.55240018 -6.27245674 -5.93326879
157.0 -6.93997236 -6.58046021 -6.55335482 -6.27338737 -5.92658945
158.0 -6.94063082 -6.58135207 -6.55434405 -6.27448769 -5.91984056
159.0 -6.94133434 -6.58227527 -6.55536617 -6.27575009 -5.91302465
160.0 -6.94208063 -6.58322822 -6.55641955 -6.27716708 -5.90614440
161.0 -6.94286745 -6.58420935 -6.55750258 -6.27873125 -5.89920256
162.0 -6.94369260 -6.58521713 -6.55861371 -6.28043533 -5.89220193
163.0 -6.94455395 -6.58625008 -6.55975141 -6.28227220 -5.88514536
164.0 -6.94544941 -6.58730674 -6.56091418 -6.28423490 -5.87803567
165.0 -6.94637693 -6.58838569 -6.56210060 -6.28631668 -5.87087567
166.0 -6.94733454 -6.58948558 -6.56330924 -6.28851096 -5.86366813
167.0 -6.94832029 -6.59060505 -6.56453876 -6.29081138 -5.85641577
168.0 -6.94933229 -6.59174282 -6.56578783 -6.29321179 -5.84912126
169.0 -6.95036871 -6.59289762 -6.56705517 -6.29570624 -5.84178724
170.0 -6.95142777 -6.59406824 -6.56833952 -6.29828901 -5.83441630
171.0 -6.95250771 -6.59525347 -6.56963968 -6.30095456 -5.82701105
172.0 -6.95360684 -6.59645215 -6.57095444 -6.30369754 -5.81957408
173.0 -6.95472348 -6.59766314 -6.57228267 -6.30651280 -5.81210799
174.0 -6.95585602 -6.59888533 -6.57362320 -6.30939535 -5.80461545
175.0 -6.95700285 -6.60011761 -6.57497494 -6.31234037 -5.79709916
176.0 -6.95816242 -6.60135891 -6.57633677 -6.31534323 -5.78956187
177.0 -6.95933321 -6.60260818 -6.57770763 -6.31839940 -5.78200640
178.0 -6.96051371 -6.60386439 -6.57908647 -6.32150456 -5.77443567
179.0 -6.96170248 -6.60512651 -6.58047224 -6.32465452 -5.76685264
180.0 -6.96289809 -6.60639356 -6.58186395 -6.32784524 -5.75926039
181.0 -6.96409917 -6.60766459 -6.58326062 -6.33107285 -5.75166210
182.0 -6.96530438 -6.60893865 -6.58466129 -6.33433363 -5.74406105
183.0 -6.96651242 -6.61021485 -6.58606504 -6.33762402 -5.73646073
184.0 -6.96772203 -6.61149230 -6.58747099 -6.34094060 -5.72886479
185.0 -6.96893200 -6.61277017 -6.58887826 -6.34428012 -5.72127722
186.0 -6.97014115 -6.61404763 -6.59028603 -6.34763946 -5.71370239
187.0 -6.97134835 -6.61532389 -6.59169349 -6.35101564 -5.70614520
188.0 -6.97255250 -6.61659818 -6.59309986 -6.35440580 -5.69861132
189.0 -6.97375253 -6.61786976 -6.59450438 -6.35780722 -5.69110745
190.0 -6.97494741 -6.61913789 -6.59590631 -6.36121727 -5.68364174
191.0 -6.97613614 -6.62040187 -6.59730492 -6.36463341 -5.67622441
192.0 -6.97731773 -6.62166100 -6.59869952 -6.36805320 -5.66886865
193.0 -6.97849124 -6.62291460 -6.60008939 -6.37147430 -5.66159210
194.0 -6.97965573 -6.62416200 -6.60147386 -6.37489442 -5.65441911
195.0 -6.98081032 -6.62540255 -6.60285226 -6.37831137 -5.64738460
196.0 -6.98195412 -6.62663561 -6.60422393 -6.38172303 -5.64054060
197.0 -6.98308629 -6.62786055 -6.60558824 -6.38512734 -5.63396759
198.0 -6.98420602 -6.62907676 -6.60694455 -6.38852235 -5.62779409
199.0 -6.98531252 -6.63028367 -6.60829226 -6.39190616 -5.62222808
200.0 -6.98640502 -6.63148069 -6.60963078 -6.39527697 -5.61759466
