# Time Pop_0 Pop_1 Pop_2 Pop_3 Pop_4
0.0 0.000000 1.000000 0.000000 0.000000 0.000000
1.0 0.000000 1.000000 0.000000 0.000000 0.000000
2.0 0.000001 0.999999 0.000000 0.000000 0.000000
3.0 0.000004 0.999994 0.000001 0.000000 0.000000
4.0 0.000014 0.999983 0.000003 0.000000 0.000000
5.0 0.000033 0.999958 0.000007 0.000000 0.000000
6.0 0.000066 0.999916 0.000015 0.000000 0.000000
7.0 0.000119 0.999849 0.000027 0.000001 0.000000
8.0 0.000196 0.999750 0.000045 0.000001 0.000000
9.0 0.000300 0.999615 0.000071 0.000001 0.000000
10.0 0.000436 0.999438 0.000106 0.000002 0.000000
11.0 0.000604 0.999215 0.000152 0.000002 0.000000
12.0 0.000805 0.998945 0.000209 0.000002 0.000000
13.0 0.001037 0.998627 0.000281 0.000003 0.000000
14.0 0.001295 0.998265 0.000368 0.000003 0.000000
15.0 0.001574 0.997861 0.000472 0.000003 0.000000
16.0 0.001866 0.997422 0.000594 0.000004 0.000000
17.0 0.002160 0.996956 0.000735 0.000004 0.000000
18.0 0.002448 0.996472 0.000898 0.000004 0.000000
19.0 0.002716 0.995978 0.001084 0.000003 0.000000
20.0 0.002954 0.995485 0.001295 0.000003 0.000000
21.0 0.003151 0.995000 0.001533 0.000002 0.000000
22.0 0.003296 0.994530 0.001801 0.000001 0.000000
23.0 0.003382 0.994080 0.002102 0.000001 0.000000
24.0 0.003403 0.993651 0.002439 0.000000 0.000000
25.0 0.003356 0.993241 0.002816 0.000000 0.000000
26.0 0.003240 0.992843 0.003240 0.000002 0.000000
27.0 0.003060 0.992449 0.003715 0.000005 0.000000
28.0 0.002821 0.992041 0.004251 0.000011 0.000000
29.0 0.002533 0.991600 0.004855 0.000021 0.000000
30.0 0.002208 0.991104 0.005538 0.000035 0.000000
31.0 0.001860 0.990522 0.006314 0.000056 0.000000
32.0 0.001503 0.989822 0.007197 0.000083 0.000000
33.0 0.001155 0.988969 0.008206 0.000120 0.000000
34.0 0.000830 0.987920 0.009361 0.000168 0.000000
35.0 0.000544 0.986632 0.010690 0.000229 0.000000
36.0 0.000310 0.985060 0.012223 0.000306 0.000000
37.0 0.000137 0.983149 0.013998 0.000402 0.000000
38.0 0.000033 0.980841 0.016061 0.000521 0.000000
39.0 0.000003 0.978075 0.018467 0.000666 0.000000
40.0 0.000043 0.974774 0.021283 0.000843 0.000000
41.0 0.000152 0.970852 0.024595 0.001054 0.000000
42.0 0.000319 0.966207 0.028506 0.001307 0.000000
43.0 0.000534 0.960713 0.033147 0.001606 0.000000
44.0 0.000781 0.954205 0.038682 0.001958 0.000000
45.0 0.001044 0.946489 0.045319 0.002368 0.000000
46.0 0.001306 0.937304 0.053321 0.002845 0.000000
47.0 0.001548 0.926317 0.063023 0.003397 0.000000
48.0 0.001756 0.913108 0.074848 0.004033 0.000000
49.0 0.001916 0.897143 0.089327 0.004763 0.000000
50.0 0.002017 0.877753 0.107113 0.005600 0.000000
51.0 0.002054 0.854149 0.128982 0.006557 0.000000
52.0 0.002025 0.825437 0.155799 0.007653 0.000000
53.0 0.001935 0.790714 0.188427 0.008904 0.000000
54.0 0.001794 0.749256 0.227543 0.010334 0.000000
55.0 0.001615 0.700803 0.273350 0.011966 0.000000
56.0 0.001417 0.645892 0.325236 0.013827 0.000000
57.0 0.001222 0.586103 0.381538 0.015950 0.000000
58.0 0.001050 0.523983 0.439619 0.018367 0.000000
59.0 0.000925 0.462563 0.496340 0.000000 0.021116
60.0 0.000867 0.404660 0.548760 0.000000 0.024241
61.0 0.000893 0.352299 0.594734 0.000000 0.027790
62.0 0.001013 0.306488 0.633098 0.000000 0.031822
63.0 0.001234 0.267365 0.663544 0.000000 0.036410
64.0 0.001552 0.234497 0.686326 0.000000 0.041646
65.0 0.001956 0.207161 0.701937 0.000000 0.047656
66.0 0.002428 0.184562 0.710901 0.000000 0.054612
67.0 0.002942 0.165953 0.713653 0.000000 0.062756
68.0 0.003467 0.150681 0.710434 0.000000 0.072427
69.0 0.003967 0.138202 0.701267 0.000000 0.084101
70.0 0.004406 0.128080 0.685930 0.000000 0.098439
71.0 0.004749 0.119960 0.663907 0.000000 0.116338
72.0 0.004966 0.113560 0.634385 0.000000 0.138968
73.0 0.005036 0.108650 0.596301 0.000000 0.167753
74.0 0.004946 0.105036 0.548565 0.000000 0.204154
75.0 0.004697 0.102551 0.490631 0.000000 0.249101
76.0 0.004304 0.101040 0.423536 0.000000 0.301961
77.0 0.003796 0.100358 0.350944 0.000000 0.359495
78.0 0.003215 0.100365 0.000000 0.278967 0.415998
79.0 0.002614 0.100918 0.000000 0.214012 0.465453
80.0 0.002057 0.101879 0.000000 0.160115 0.504190
81.0 0.001610 0.103111 0.000000 0.118053 0.531734
82.0 0.001338 0.104477 0.000000 0.086391 0.549762
83.0 0.001301 0.105849 0.000000 0.062921 0.560675
84.0 0.001551 0.107100 0.000000 0.045556 0.566686
85.0 0.002122 0.108101 0.000000 0.032658 0.569509
86.0 0.003030 0.108713 0.000000 0.023067 0.570363
87.0 0.004270 0.108776 0.000000 0.016029 0.570046
88.0 0.005815 0.108078 0.000000 0.011128 0.569043
89.0 0.007618 0.106348 0.000000 0.008222 0.567616
90.0 0.009616 0.000000 0.103264 0.007368 0.565873
91.0 0.011733 0.000000 0.098535 0.008705 0.563800
92.0 0.013890 0.000000 0.092075 0.012239 0.561309
93.0 0.016011 0.000000 0.084194 0.017638 0.558273
94.0 0.018033 0.000000 0.075582 0.024223 0.554528
95.0 0.019915 0.000000 0.067040 0.031217 0.549899
96.0 0.021642 0.000000 0.059187 0.038036 0.544227
97.0 0.023235 0.000000 0.052323 0.044404 0.537370
98.0 0.024750 0.000000 0.046497 0.050278 0.529203
99.0 0.026280 0.000000 0.041619 0.055733 0.519653
100.0 0.027949 0.000000 0.037544 0.060869 0.508691
101.0 0.029907 0.000000 0.034125 0.065763 0.496322
102.0 0.032316 0.000000 0.031230 0.070443 0.482609
103.0 0.035342 0.000000 0.028748 0.074897 0.467663
104.0 0.039134 0.000000 0.026589 0.079073 0.451624
105.0 0.043815 0.000000 0.024683 0.082891 0.434669
106.0 0.049468 0.000000 0.022973 0.086261 0.417001
107.0 0.056120 0.000000 0.021417 0.089094 0.398831
108.0 0.063742 0.000000 0.019982 0.091310 0.380365
109.0 0.072239 0.000000 0.018642 0.092857 0.361803
110.0 0.081460 0.000000 0.017381 0.093718 0.343324
111.0 0.091203 0.000000 0.016186 0.093907 0.325065
112.0 0.101231 0.000000 0.015048 0.093475 0.307138
113.0 0.111287 0.000000 0.013961 0.092513 0.289616
114.0 0.121118 0.000000 0.012922 0.091129 0.272529
115.0 0.130499 0.000000 0.011929 0.089448 0.255879
116.0 0.139248 0.000000 0.010980 0.087597 0.239648
117.0 0.147247 0.000000 0.010075 0.085692 0.223802
118.0 0.154459 0.000000 0.009211 0.083820 0.208303
119.0 0.160925 0.000000 0.008388 0.082031 0.193127
120.0 0.166766 0.000000 0.007604 0.080337 0.178268
121.0 0.172175 0.000000 0.006857 0.078702 0.163743
122.0 0.177394 0.000000 0.006144 0.077047 0.149601
123.0 0.182693 0.000000 0.005464 0.075265 0.135924
124.0 0.188340 0.000000 0.004814 0.073231 0.122814
125.0 0.194575 0.000000 0.004195 0.070813 0.110392
126.0 0.201572 0.000000 0.003606 0.067906 0.098789
127.0 0.209425 0.000000 0.003047 0.064441 0.088131
128.0 0.218124 0.000000 0.002521 0.060396 0.078524
129.0 0.227548 0.000000 0.002032 0.055820 0.070056
130.0 0.237465 0.000000 0.001583 0.050832 0.062779
131.0 0.247554 0.000000 0.001178 0.045612 0.056709
132.0 0.257412 0.000000 0.000825 0.040398 0.051830
133.0 0.266593 0.000000 0.000527 0.035471 0.048099
134.0 0.274649 0.000000 0.000291 0.031128 0.045444
135.0 0.281157 0.000000 0.000121 0.027661 0.043782
136.0 0.285755 0.000000 0.000024 0.025338 0.043023
137.0 0.288184 0.000000 0.000002 0.024381 0.043074
138.0 0.288300 0.000000 0.000061 0.024958 0.043844
139.0 0.286079 0.000000 0.000202 0.027173 0.045247
140.0 0.281635 0.000000 0.000428 0.031070 0.047190
141.0 0.275192 0.000000 0.000742 0.036649 0.049576
142.0 0.267061 0.000000 0.001145 0.043866 0.052296
143.0 0.257618 0.000000 0.001639 0.052663 0.055221
144.0 0.247266 0.000000 0.002224 0.062977 0.058200
145.0 0.236387 0.000000 0.002902 0.074758 0.061066
146.0 0.225323 0.000000 0.003673 0.087965 0.063638
147.0 0.214345 0.000000 0.004534 0.102581 0.065731
148.0 0.203626 0.000000 0.005486 0.118604 0.067173
149.0 0.193248 0.000000 0.006523 0.136029 0.067818
150.0 0.183199 0.000000 0.007642 0.154839 0.067559
151.0 0.173388 0.000000 0.008835 0.174991 0.066343
152.0 0.163672 0.000000 0.010095 0.196397 0.064176
153.0 0.153887 0.000000 0.011410 0.218908 0.061123
154.0 0.143872 0.000000 0.012769 0.242317 0.057306
155.0 0.133504 0.000000 0.014160 0.266358 0.052891
156.0 0.122725 0.000000 0.015568 0.290699 0.048070
157.0 0.111551 0.000000 0.016980 0.314968 0.043048
158.0 0.100083 0.000000 0.018382 0.338770 0.038022
159.0 0.088500 0.000000 0.019760 0.361698 0.033163
160.0 0.077051 0.000000 0.021101 0.383350 0.028606
161.0 0.066030 0.000000 0.022394 0.403360 0.024446
162.0 0.055748 0.000000 0.023628 0.421406 0.020729
163.0 0.046514 0.000000 0.024790 0.437209 0.017467
164.0 0.038601 0.000000 0.025869 0.450547 0.014642
165.0 0.032230 0.000000 0.026857 0.461264 0.012219
166.0 0.027558 0.000000 0.027739 0.469245 0.010159
167.0 0.024670 0.000000 0.028503 0.474414 0.008434
168.0 0.023582 0.000000 0.029138 0.476743 0.007034
169.0 0.024260 0.000000 0.029628 0.476227 0.005968
170.0 0.026627 0.000000 0.029958 0.472871 0.005270
171.0 0.030591 0.000000 0.030116 0.466710 0.004987
172.0 0.036063 0.000000 0.030090 0.457797 0.005173
173.0 0.042972 0.000000 0.029869 0.446195 0.005878
174.0 0.051276 0.000000 0.029448 0.431993 0.007132
175.0 0.060971 0.000000 0.028824 0.415323 0.008937
176.0 0.072081 0.000000 0.028000 0.396343 0.011259
177.0 0.084646 0.000000 0.026985 0.375252 0.014027
178.0 0.098709 0.000000 0.025794 0.352304 0.017133
179.0 0.114289 0.000000 0.024443 0.327792 0.020442
180.0 0.131355 0.000000 0.022958 0.302049 0.023806
181.0 0.149812 0.000000 0.021365 0.275442 0.027075
182.0 0.169487 0.000000 0.019693 0.248368 0.030116
183.0 0.190107 0.000000 0.017973 0.221228 0.032829
184.0 0.211311 0.000000 0.016234 0.194426 0.035154
185.0 0.232669 0.000000 0.014506 0.168354 0.037079
186.0 0.253683 0.000000 0.012814 0.143382 0.038643
187.0 0.273822 0.000000 0.011184 0.119845 0.039925
188.0 0.292569 0.000000 0.009638 0.098045 0.041032
189.0 0.309434 0.000000 0.008197 0.078250 0.042089
190.0 0.323988 0.000000 0.006881 0.060684 0.043218
191.0 0.335908 0.000000 0.005710 0.045543 0.044513
192.0 0.344982 0.000000 0.004704 0.032991 0.046035
193.0 0.351107 0.000000 0.003885 0.023165 0.047794
194.0 0.354312 0.000000 0.003277 0.016176 0.049744
195.0 0.354738 0.000000 0.002906 0.012113 0.051772
196.0 0.352605 0.000000 0.002797 0.011040 0.053709
197.0 0.348199 0.000000 0.002977 0.012988 0.055309
198.0 0.341854 0.000000 0.003469 0.017955 0.056216
199.0 0.333893 0.000000 0.004294 0.025892 0.055903
200.0 0.324617 0.000000 0.005465 0.036702 0.053610
