# Time Pop_0 Pop_1 Pop_2 Pop_3 Pop_4
0.0 0.000000 1.000000 0.000000 0.000000 0.000000
1.0 0.000000 1.000000 0.000000 0.000000 0.000000
2.0 0.000000 1.000000 0.000000 0.000000 0.000000
3.0 0.000000 1.000000 0.000000 0.000000 0.000000
4.0 0.000000 0.999999 0.000000 0.000000 0.000000
5.0 0.000000 0.999998 0.000000 0.000000 0.000000
6.0 0.000000 0.999996 0.000000 0.000001 0.000001
7.0 0.000000 0.999992 0.000000 0.000002 0.000001
8.0 0.000000 0.999986 0.000000 0.000003 0.000002
9.0 0.000001 0.999977 0.000000 0.000005 0.000003
10.0 0.000001 0.999964 0.000001 0.000007 0.000005
11.0 0.000002 0.999947 0.000001 0.000011 0.000008
12.0 0.000002 0.999924 0.000002 0.000016 0.000011
13.0 0.000003 0.999896 0.000003 0.000023 0.000015
14.0 0.000005 0.999861 0.000005 0.000032 0.000020
15.0 0.000006 0.999818 0.000007 0.000043 0.000026
16.0 0.000008 0.999768 0.000009 0.000058 0.000032
17.0 0.000011 0.999708 0.000013 0.000075 0.000039
18.0 0.000014 0.999637 0.000018 0.000095 0.000046
19.0 0.000018 0.999554 0.000024 0.000120 0.000054
20.0 0.000023 0.999459 0.000031 0.000149 0.000063
21.0 0.000029 0.999354 0.000040 0.000182 0.000072
22.0 0.000035 0.999237 0.000051 0.000220 0.000083
23.0 0.000043 0.999107 0.000063 0.000263 0.000093
24.0 0.000053 0.998964 0.000078 0.000310 0.000105
25.0 0.000063 0.998807 0.000095 0.000363 0.000117
26.0 0.000076 0.998637 0.000114 0.000420 0.000129
27.0 0.000090 0.998458 0.000136 0.000482 0.000140
28.0 0.000106 0.998269 0.000160 0.000548 0.000151
29.0 0.000123 0.998073 0.000187 0.000618 0.000160
30.0 0.000143 0.997869 0.000216 0.000692 0.000168
31.0 0.000165 0.997656 0.000248 0.000769 0.000174
32.0 0.000189 0.997436 0.000282 0.000848 0.000178
33.0 0.000216 0.997211 0.000318 0.000930 0.000181
34.0 0.000245 0.996984 0.000357 0.001013 0.000181
35.0 0.000276 0.996757 0.000397 0.001098 0.000181
36.0 0.000310 0.996532 0.000439 0.001184 0.000178
37.0 0.000347 0.996306 0.000482 0.001270 0.000174
38.0 0.000386 0.996081 0.000526 0.001356 0.000168
39.0 0.000428 0.995857 0.000571 0.001442 0.000161
40.0 0.000472 0.995637 0.000616 0.001527 0.000152
41.0 0.000519 0.995424 0.000661 0.001613 0.000140
42.0 0.000569 0.995218 0.000706 0.001698 0.000127
43.0 0.000621 0.995017 0.000749 0.001782 0.000112
44.0 0.000676 0.994819 0.000791 0.001867 0.000096
45.0 0.000734 0.994625 0.000832 0.001952 0.000079
46.0 0.000794 0.994433 0.000870 0.002038 0.000062
47.0 0.000857 0.994246 0.000906 0.002124 0.000045
48.0 0.000923 0.994063 0.000939 0.002212 0.000030
49.0 0.000992 0.993882 0.000970 0.002302 0.000017
50.0 0.001064 0.993700 0.000997 0.002394 0.000008
51.0 0.001139 0.993512 0.001021 0.002489 0.000003
52.0 0.001217 0.993316 0.001041 0.002587 0.000002
53.0 0.001299 0.993110 0.001058 0.002688 0.000007
54.0 0.001386 0.992893 0.001071 0.002793 0.000019
55.0 0.001477 0.992663 0.001081 0.002902 0.000040
56.0 0.001572 0.992416 0.001087 0.003014 0.000069
57.0 0.001674 0.992149 0.001090 0.003129 0.000111
58.0 0.001781 0.991857 0.001090 0.003249 0.000165
59.0 0.001896 0.991537 0.001087 0.003371 0.000234
60.0 0.002018 0.991186 0.001081 0.003497 0.000318
61.0 0.002148 0.990802 0.001072 0.003625 0.000421
62.0 0.002288 0.990381 0.001062 0.003755 0.000541
63.0 0.002439 0.989919 0.001050 0.003886 0.000682
64.0 0.002601 0.989412 0.001036 0.004018 0.000843
65.0 0.002776 0.988858 0.001022 0.004150 0.001025
66.0 0.002965 0.988252 0.001007 0.004281 0.001230
67.0 0.003168 0.987593 0.000992 0.004411 0.001460
68.0 0.003388 0.986877 0.000977 0.004540 0.001716
69.0 0.003625 0.986100 0.000963 0.004667 0.002001
70.0 0.003880 0.985260 0.000949 0.004791 0.002317
71.0 0.004155 0.984352 0.000936 0.004912 0.002665
72.0 0.004450 0.983376 0.000924 0.005031 0.003046
73.0 0.004766 0.982329 0.000913 0.005147 0.003460
74.0 0.005104 0.981210 0.000903 0.005260 0.003908
75.0 0.005465 0.980015 0.000895 0.005371 0.004388
76.0 0.005848 0.978746 0.000889 0.005479 0.004901
77.0 0.006255 0.977401 0.000883 0.005587 0.005446
78.0 0.006685 0.975983 0.000879 0.005693 0.006020
79.0 0.007138 0.974496 0.000875 0.005799 0.006623
80.0 0.007614 0.972939 0.000873 0.005905 0.007254
81.0 0.008113 0.971313 0.000871 0.006012 0.007915
82.0 0.008632 0.969616 0.000870 0.006121 0.008605
83.0 0.009172 0.967846 0.000870 0.006232 0.009327
84.0 0.009731 0.966005 0.000870 0.006346 0.010080
85.0 0.010307 0.964097 0.000870 0.006464 0.010863
86.0 0.010897 0.962126 0.000870 0.006586 0.011674
87.0 0.011502 0.960097 0.000870 0.006713 0.012510
88.0 0.012117 0.958015 0.000871 0.006844 0.013368
89.0 0.012742 0.955883 0.000872 0.006980 0.014244
90.0 0.013375 0.953708 0.000873 0.007119 0.015136
91.0 0.014013 0.951495 0.000874 0.007261 0.016039
92.0 0.014655 0.949254 0.000875 0.007406 0.016951
93.0 0.015298 0.946992 0.000878 0.007554 0.017869
94.0 0.015941 0.944714 0.000880 0.007703 0.018793
95.0 0.016580 0.942422 0.000884 0.007852 0.019724
96.0 0.017215 0.940116 0.000890 0.008000 0.020663
97.0 0.017844 0.937795 0.000897 0.008145 0.021611
98.0 0.018465 0.935463 0.000907 0.008285 0.022567
99.0 0.019077 0.933123 0.000919 0.008420 0.023532
100.0 0.019680 0.930782 0.000934 0.008548 0.024501
101.0 0.020273 0.928447 0.000953 0.008667 0.025473
102.0 0.020855 0.926123 0.000976 0.008777 0.026446
103.0 0.021427 0.923811 0.001003 0.008876 0.027417
104.0 0.021990 0.921513 0.001034 0.008963 0.028384
105.0 0.022544 0.919233 0.001072 0.009035 0.029346
106.0 0.023090 0.916971 0.001116 0.009092 0.030300
107.0 0.023629 0.914732 0.001167 0.009134 0.031245
108.0 0.024163 0.912515 0.001226 0.009160 0.032183
109.0 0.024691 0.910316 0.001294 0.009170 0.033114
110.0 0.025216 0.908132 0.001372 0.009163 0.034041
111.0 0.025736 0.905954 0.001461 0.009139 0.034969
112.0 0.026255 0.903776 0.001562 0.009098 0.035900
113.0 0.026773 0.901593 0.001676 0.009040 0.036835
114.0 0.027291 0.899405 0.001805 0.008965 0.037773
115.0 0.027812 0.897214 0.001950 0.008873 0.038712
116.0 0.028337 0.895023 0.002111 0.008764 0.039647
117.0 0.028866 0.892833 0.002291 0.008638 0.040578
118.0 0.029401 0.890644 0.002490 0.008496 0.041502
119.0 0.029943 0.888454 0.002708 0.008337 0.042417
120.0 0.030492 0.886261 0.002947 0.008163 0.043325
121.0 0.031048 0.884062 0.003206 0.007974 0.044226
122.0 0.031611 0.881854 0.003486 0.007771 0.045119
123.0 0.032181 0.879637 0.003787 0.007554 0.046005
124.0 0.032757 0.877411 0.004106 0.007326 0.046885
125.0 0.033339 0.875173 0.004444 0.007086 0.047762
126.0 0.033925 0.872920 0.004797 0.006838 0.048637
127.0 0.034514 0.870653 0.005164 0.006583 0.049514
128.0 0.035104 0.868371 0.005541 0.006323 0.050395
129.0 0.035695 0.866076 0.005927 0.006060 0.051281
130.0 0.036285 0.863773 0.006316 0.005796 0.052173
131.0 0.036872 0.861466 0.006707 0.005532 0.053067
132.0 0.037455 0.859164 0.007096 0.005271 0.053961
133.0 0.038033 0.856875 0.007480 0.005014 0.054850
134.0 0.038604 0.854602 0.007855 0.004763 0.055733
135.0 0.039167 0.852349 0.008220 0.004519 0.056607
136.0 0.039720 0.850116 0.008572 0.004282 0.057474
137.0 0.040260 0.847905 0.008910 0.004052 0.058336
138.0 0.040785 0.845714 0.009231 0.003831 0.059195
139.0 0.041294 0.843544 0.009534 0.003618 0.060056
140.0 0.041784 0.841394 0.009819 0.003413 0.060921
141.0 0.042253 0.839269 0.010085 0.003218 0.061792
142.0 0.042701 0.837169 0.010332 0.003031 0.062669
143.0 0.043127 0.835095 0.010558 0.002852 0.063555
144.0 0.043530 0.833048 0.010766 0.002681 0.064448
145.0 0.043910 0.831024 0.010954 0.002519 0.065348
146.0 0.044267 0.829025 0.011123 0.002365 0.066254
147.0 0.044600 0.827050 0.011274 0.002218 0.067166
148.0 0.044910 0.825100 0.011408 0.002080 0.068080
149.0 0.045197 0.823177 0.011527 0.001949 0.068994
150.0 0.045461 0.821285 0.011633 0.001826 0.069906
151.0 0.045703 0.819423 0.011726 0.001711 0.070812
152.0 0.045926 0.817588 0.011810 0.001603 0.071711
153.0 0.046130 0.815772 0.011884 0.001501 0.072604
154.0 0.046317 0.813969 0.011952 0.001407 0.073494
155.0 0.046488 0.812171 0.012014 0.001319 0.074382
156.0 0.046646 0.810372 0.012072 0.001237 0.075272
157.0 0.046792 0.808567 0.012127 0.001161 0.076168
158.0 0.046928 0.806754 0.012181 0.001091 0.077070
159.0 0.047056 0.804933 0.012237 0.001026 0.077980
160.0 0.047177 0.803103 0.012294 0.000966 0.078897
161.0 0.047295 0.801259 0.012354 0.000910 0.079820
162.0 0.047412 0.799397 0.012418 0.000857 0.080749
163.0 0.047530 0.797514 0.012487 0.000808 0.081680
164.0 0.047653 0.795608 0.012559 0.000762 0.082612
165.0 0.047782 0.793679 0.012636 0.000719 0.083542
166.0 0.047920 0.791728 0.012717 0.000678 0.084468
167.0 0.048068 0.789758 0.012803 0.000640 0.085388
168.0 0.048227 0.787770 0.012893 0.000603 0.086301
169.0 0.048397 0.785766 0.012986 0.000567 0.087210
170.0 0.048580 0.783744 0.013082 0.000533 0.088116
171.0 0.048775 0.781702 0.013179 0.000500 0.089022
172.0 0.048984 0.779637 0.013277 0.000468 0.089933
173.0 0.049204 0.777547 0.013375 0.000436 0.090850
174.0 0.049437 0.775431 0.013470 0.000406 0.091777
175.0 0.049682 0.773289 0.013563 0.000377 0.092713
176.0 0.049936 0.771126 0.013653 0.000348 0.093661
177.0 0.050198 0.768945 0.013739 0.000320 0.094620
178.0 0.050467 0.766750 0.013819 0.000293 0.095588
179.0 0.050739 0.764547 0.013894 0.000267 0.096565
180.0 0.051012 0.762340 0.013962 0.000242 0.097549
181.0 0.051286 0.760133 0.014022 0.000219 0.098537
182.0 0.051557 0.757931 0.014074 0.000196 0.099528
183.0 0.051823 0.755737 0.014118 0.000175 0.100518
184.0 0.052083 0.753554 0.014153 0.000156 0.101507
185.0 0.052333 0.751387 0.014179 0.000137 0.102493
186.0 0.052572 0.749240 0.014198 0.000120 0.103475
187.0 0.052797 0.747114 0.014209 0.000105 0.104453
188.0 0.053006 0.745012 0.014212 0.000091 0.105430
189.0 0.053196 0.742935 0.014210 0.000078 0.106407
190.0 0.053367 0.740883 0.014201 0.000067 0.107387
191.0 0.053515 0.738854 0.014187 0.000057 0.108371
192.0 0.053640 0.736846 0.014168 0.000048 0.109362
193.0 0.053742 0.734854 0.014145 0.000040 0.110361
194.0 0.053820 0.732876 0.014120 0.000033 0.111368
195.0 0.053874 0.730911 0.014093 0.000027 0.112380
196.0 0.053906 0.728957 0.014066 0.000022 0.113397
197.0 0.053916 0.727016 0.014039 0.000018 0.114414
198.0 0.053906 0.725088 0.014014 0.000014 0.115429
199.0 0.053878 0.723177 0.013991 0.000011 0.116437
200.0 0.053835 0.721283 0.013972 0.000009 0.117436
