# Time Pop_0 Pop_1 Pop_2 Pop_3 Pop_4
0.0 0.000000 1.000000 0.000000 0.000000 0.000000
1.0 0.000000 1.000000 0.000000 0.000000 0.000000
2.0 0.000001 0.999999 0.000000 0.000000 0.000000
3.0 0.000003 0.999996 0.000001 0.000000 0.000000
4.0 0.000010 0.999986 0.000003 0.000000 0.000000
5.0 0.000025 0.999967 0.000006 0.000000 0.000000
6.0 0.000050 0.999934 0.000013 0.000000 0.000000
7.0 0.000091 0.999879 0.000024 0.000001 0.000000
8.0 0.000152 0.999799 0.000040 0.000001 0.000000
9.0 0.000237 0.999687 0.000062 0.000002 0.000000
10.0 0.000350 0.999537 0.000092 0.000002 0.000000
11.0 0.000495 0.999345 0.000130 0.000003 0.000000
12.0 0.000675 0.999105 0.000178 0.000004 0.000000
13.0 0.000893 0.998815 0.000235 0.000004 0.000000
14.0 0.001149 0.998472 0.000303 0.000005 0.000000
15.0 0.001445 0.998076 0.000381 0.000006 0.000000
16.0 0.001778 0.997627 0.000469 0.000007 0.000000
17.0 0.002147 0.997127 0.000567 0.000008 0.000000
18.0 0.002549 0.996580 0.000674 0.000010 0.000000
19.0 0.002979 0.995990 0.000789 0.000011 0.000000
20.0 0.003432 0.995364 0.000910 0.000012 0.000000
21.0 0.003902 0.994709 0.001036 0.000013 0.000000
22.0 0.004383 0.994031 0.001166 0.000014 0.000000
23.0 0.004867 0.993341 0.001296 0.000015 0.000000
24.0 0.005347 0.992646 0.001427 0.000015 0.000000
25.0 0.005817 0.991954 0.001555 0.000015 0.000000
26.0 0.006269 0.991273 0.001678 0.000014 0.000000
27.0 0.006697 0.990612 0.001796 0.000013 0.000000
28.0 0.007096 0.989977 0.001905 0.000011 0.000000
29.0 0.007461 0.989373 0.002005 0.000010 0.000000
30.0 0.007787 0.988806 0.002093 0.000008 0.000000
31.0 0.008073 0.988277 0.002170 0.000005 0.000000
32.0 0.008317 0.987788 0.002233 0.000004 0.000000
33.0 0.008517 0.987343 0.002283 0.000002 0.000000
34.0 0.008675 0.986938 0.002318 0.000001 0.000000
35.0 0.008791 0.986571 0.002339 0.000000 0.000000
36.0 0.008869 0.986241 0.002344 0.000000 0.000000
37.0 0.008911 0.985943 0.002336 0.000002 0.000000
38.0 0.008921 0.985669 0.002313 0.000005 0.000000
39.0 0.008904 0.985419 0.002277 0.000010 0.000000
40.0 0.008863 0.985183 0.002228 0.000018 0.000000
41.0 0.008805 0.984953 0.002168 0.000030 0.000000
42.0 0.008732 0.984725 0.002096 0.000046 0.000000
43.0 0.008650 0.984492 0.002016 0.000067 0.000000
44.0 0.008563 0.984243 0.001928 0.000094 0.000000
45.0 0.008474 0.983977 0.001833 0.000127 0.000000
46.0 0.008387 0.983688 0.001733 0.000168 0.000000
47.0 0.008303 0.983365 0.001629 0.000217 0.000000
48.0 0.008225 0.983010 0.001523 0.000275 0.000000
49.0 0.008153 0.982620 0.001416 0.000343 0.000000
50.0 0.008088 0.982185 0.001311 0.000421 0.000000
51.0 0.008029 0.981708 0.001207 0.000512 0.000000
52.0 0.007975 0.981187 0.001107 0.000616 0.000000
53.0 0.007924 0.980615 0.001011 0.000735 0.000000
54.0 0.007874 0.979994 0.000921 0.000872 0.000000
55.0 0.007823 0.979324 0.000837 0.001028 0.000000
56.0 0.007769 0.978600 0.000761 0.001204 0.000000
57.0 0.007709 0.977820 0.000692 0.001402 0.000000
58.0 0.007639 0.976991 0.000632 0.001624 0.000000
59.0 0.007559 0.976106 0.000579 0.001870 0.000000
60.0 0.007464 0.975163 0.000534 0.002142 0.000000
61.0 0.007354 0.974171 0.000497 0.002440 0.000000
62.0 0.007228 0.973122 0.000466 0.002765 0.000000
63.0 0.007083 0.972012 0.000442 0.003118 0.000000
64.0 0.006919 0.970848 0.000422 0.003499 0.000000
65.0 0.006737 0.969621 0.000407 0.003911 0.000000
66.0 0.006536 0.968323 0.000394 0.004354 0.000000
67.0 0.006318 0.966959 0.000383 0.004831 0.000000
68.0 0.006084 0.965518 0.000372 0.005344 0.000000
69.0 0.005835 0.963989 0.000361 0.005895 0.000000
70.0 0.005574 0.962374 0.000347 0.006484 0.000000
71.0 0.005302 0.960664 0.000331 0.007112 0.000000
72.0 0.005022 0.958850 0.000313 0.007776 0.000000
73.0 0.004737 0.956931 0.000294 0.008472 0.000000
74.0 0.004448 0.954906 0.000281 0.009194 0.000000
75.0 0.004160 0.952763 0.000283 0.009926 0.000000
76.0 0.003873 0.950502 0.000322 0.010644 0.000000
77.0 0.003591 0.948126 0.000441 0.011302 0.000000
78.0 0.003316 0.945621 0.000730 0.011808 0.000000
79.0 0.003051 0.942985 0.001373 0.011975 0.000000
80.0 0.002797 0.940224 0.002706 0.011466 0.000000
81.0 0.002556 0.937318 0.005115 0.009899 0.000000
82.0 0.002330 0.934267 0.008455 0.007420 0.000000
83.0 0.002120 0.931074 0.011826 0.004936 0.000000
84.0 0.001928 0.927725 0.014616 0.003066 0.000000
85.0 0.001753 0.924220 0.016846 0.001803 0.000000
86.0 0.001596 0.920566 0.018712 0.000969 0.000000
87.0 0.001459 0.916758 0.020363 0.000441 0.000000
88.0 0.001339 0.912799 0.021889 0.000000 0.000167
89.0 0.001238 0.908700 0.023337 0.000000 0.000146
90.0 0.001154 0.904467 0.024732 0.000000 0.000411
91.0 0.001087 0.900099 0.026090 0.000000 0.001000
92.0 0.001036 0.895613 0.027415 0.000000 0.001936
93.0 0.000999 0.891015 0.028715 0.000000 0.003184
94.0 0.000976 0.886301 0.029991 0.000000 0.004638
95.0 0.000964 0.881487 0.031245 0.000000 0.006146
96.0 0.000963 0.876577 0.032480 0.000000 0.007563
97.0 0.000971 0.871563 0.033700 0.000000 0.008798
98.0 0.000986 0.866461 0.034905 0.000000 0.009823
99.0 0.001007 0.861276 0.036097 0.000000 0.010648
100.0 0.001032 0.856004 0.037278 0.000000 0.011302
101.0 0.001060 0.850662 0.038445 0.000000 0.011819
102.0 0.001089 0.845261 0.039599 0.000000 0.012225
103.0 0.001117 0.839802 0.040737 0.000000 0.012546
104.0 0.001143 0.834301 0.041857 0.000000 0.012799
105.0 0.001165 0.828774 0.042957 0.000000 0.012999
106.0 0.001182 0.823224 0.044035 0.000000 0.013158
107.0 0.001193 0.817660 0.045091 0.000000 0.013281
108.0 0.001196 0.812096 0.046126 0.000000 0.013378
109.0 0.001191 0.806529 0.047140 0.000000 0.013452
110.0 0.001177 0.800957 0.048139 0.000000 0.013506
111.0 0.001153 0.795392 0.049125 0.000000 0.013546
112.0 0.001120 0.789825 0.050101 0.000000 0.013572
113.0 0.001076 0.784249 0.051074 0.000000 0.013588
114.0 0.001024 0.778677 0.052043 0.000000 0.013596
115.0 0.000963 0.773100 0.053013 0.000000 0.013596
116.0 0.000894 0.767517 0.053984 0.000000 0.013591
117.0 0.000819 0.761945 0.054954 0.000000 0.013582
118.0 0.000738 0.756380 0.055922 0.000000 0.013568
119.0 0.000655 0.750827 0.056887 0.000000 0.013550
120.0 0.000569 0.745302 0.057846 0.000000 0.013529
121.0 0.000485 0.739807 0.058797 0.000000 0.013504
122.0 0.000403 0.734342 0.059740 0.000000 0.013475
123.0 0.000328 0.728918 0.060674 0.000000 0.013444
124.0 0.000260 0.723535 0.061602 0.000000 0.013410
125.0 0.000204 0.718186 0.062524 0.000000 0.013375
126.0 0.000160 0.712874 0.063444 0.000000 0.013337
127.0 0.000132 0.707600 0.064364 0.000000 0.013299
128.0 0.000122 0.702351 0.065287 0.000000 0.013260
129.0 0.000129 0.697135 0.066214 0.000000 0.013219
130.0 0.000157 0.691955 0.067146 0.000000 0.013178
131.0 0.000205 0.686803 0.068083 0.000000 0.013136
132.0 0.000274 0.681695 0.069023 0.000000 0.013092
133.0 0.000363 0.676638 0.069965 0.000000 0.013048
134.0 0.000473 0.671631 0.070906 0.000000 0.013002
135.0 0.000604 0.666692 0.071844 0.000000 0.012957
136.0 0.000754 0.661826 0.072777 0.000000 0.012911
137.0 0.000922 0.657034 0.073704 0.000000 0.012866
138.0 0.001108 0.652324 0.074625 0.000000 0.012821
139.0 0.001311 0.647699 0.075538 0.000000 0.012778
140.0 0.001530 0.643153 0.076448 0.000000 0.012735
141.0 0.001763 0.638682 0.077357 0.000000 0.012693
142.0 0.002010 0.634288 0.078264 0.000000 0.012651
143.0 0.002271 0.629957 0.079177 0.000000 0.012610
144.0 0.002544 0.625683 0.080095 0.000000 0.012570
145.0 0.002830 0.621469 0.081022 0.000000 0.012530
146.0 0.003129 0.617301 0.081959 0.000000 0.012492
147.0 0.003442 0.613174 0.082908 0.000000 0.012454
148.0 0.003770 0.609097 0.083867 0.000000 0.012418
149.0 0.004116 0.605056 0.084837 0.000000 0.012384
150.0 0.004481 0.601052 0.085816 0.000000 0.012352
151.0 0.004869 0.597089 0.086803 0.000000 0.012321
152.0 0.005282 0.593155 0.087797 0.000000 0.012293
153.0 0.005723 0.589248 0.088798 0.000000 0.012265
154.0 0.006198 0.585364 0.089805 0.000000 0.012239
155.0 0.006708 0.581491 0.090818 0.000000 0.012215
156.0 0.007256 0.577616 0.091842 0.000000 0.012192
157.0 0.007848 0.573732 0.092878 0.000000 0.012171
158.0 0.008486 0.569824 0.093929 0.000000 0.012151
159.0 0.009173 0.565874 0.094998 0.000000 0.012134
160.0 0.009913 0.561880 0.096088 0.000000 0.012119
161.0 0.010707 0.557831 0.097200 0.000000 0.012106
162.0 0.011557 0.553711 0.098336 0.000000 0.012095
163.0 0.012467 0.549531 0.099497 0.000000 0.012087
164.0 0.013437 0.545283 0.100679 0.000000 0.012080
165.0 0.014467 0.540966 0.101883 0.000000 0.012076
166.0 0.015559 0.536592 0.103105 0.000000 0.012073
167.0 0.016711 0.532160 0.104342 0.000000 0.012073
168.0 0.017922 0.527676 0.105594 0.000000 0.012075
169.0 0.019192 0.523149 0.106857 0.000000 0.012080
170.0 0.020517 0.518581 0.108129 0.000000 0.012088
171.0 0.021892 0.513976 0.109412 0.000000 0.012099
172.0 0.023315 0.509337 0.110705 0.000000 0.012113
173.0 0.024782 0.504669 0.112008 0.000000 0.012130
174.0 0.026284 0.499970 0.113325 0.000000 0.012150
175.0 0.027819 0.495242 0.114655 0.000000 0.012172
176.0 0.029380 0.490495 0.116002 0.000000 0.012196
177.0 0.030960 0.485720 0.117365 0.000000 0.012222
178.0 0.032555 0.480929 0.118745 0.000000 0.012250
179.0 0.034163 0.476130 0.120143 0.000000 0.012279
180.0 0.035776 0.471315 0.121557 0.000000 0.012309
181.0 0.037393 0.466504 0.122986 0.000000 0.012341
182.0 0.039015 0.461699 0.124427 0.000000 0.012375
183.0 0.040636 0.456900 0.125877 0.000000 0.012410
184.0 0.042259 0.452123 0.127334 0.000000 0.012447
185.0 0.043884 0.447368 0.128794 0.000000 0.012485
186.0 0.045507 0.442640 0.130257 0.000000 0.012525
187.0 0.047132 0.437946 0.131721 0.000000 0.012565
188.0 0.048756 0.433288 0.133184 0.000000 0.012607
189.0 0.050375 0.428667 0.134648 0.000000 0.012649
190.0 0.051990 0.424085 0.136114 0.000000 0.012691
191.0 0.053595 0.419547 0.137580 0.000000 0.012734
192.0 0.055184 0.415049 0.139052 0.000000 0.012778
193.0 0.056754 0.410593 0.140529 0.000000 0.012822
194.0 0.058298 0.406188 0.142011 0.000000 0.012867
195.0 0.059810 0.401828 0.143501 0.000000 0.012913
196.0 0.061282 0.397523 0.144997 0.000000 0.012960
197.0 0.062711 0.393281 0.146498 0.000000 0.013009
198.0 0.064088 0.389100 0.148006 0.000000 0.013059
199.0 0.065409 0.384996 0.149516 0.000000 0.013109
200.0 0.066673 0.380970 0.151027 0.000000 0.013162
