# Time Pop_0 Pop_1 Pop_2 Pop_3 Pop_4
0.0 0.000000 1.000000 0.000000 0.000000 0.000000
1.0 0.000000 1.000000 0.000000 0.000000 0.000000
2.0 0.000001 0.999999 0.000000 0.000000 0.000000
3.0 0.000003 0.999995 0.000001 0.000000 0.000000
4.0 0.000011 0.999986 0.000003 0.000000 0.000000
5.0 0.000026 0.999966 0.000008 0.000000 0.000000
6.0 0.000053 0.999931 0.000015 0.000000 0.000000
7.0 0.000096 0.999875 0.000028 0.000001 0.000000
8.0 0.000159 0.999794 0.000046 0.000001 0.000000
9.0 0.000246 0.999681 0.000071 0.000001 0.000000
10.0 0.000363 0.999531 0.000104 0.000001 0.000000
11.0 0.000511 0.999341 0.000146 0.000002 0.000000
12.0 0.000694 0.999107 0.000196 0.000002 0.000000
13.0 0.000913 0.998828 0.000256 0.000002 0.000000
14.0 0.001168 0.998504 0.000325 0.000002 0.000000
15.0 0.001459 0.998136 0.000402 0.000001 0.000000
16.0 0.001782 0.997728 0.000487 0.000001 0.000000
17.0 0.002135 0.997285 0.000577 0.000001 0.000000
18.0 0.002513 0.996813 0.000672 0.000001 0.000000
19.0 0.002908 0.996320 0.000769 0.000001 0.000000
20.0 0.003314 0.995816 0.000867 0.000000 0.000000
21.0 0.003723 0.995312 0.000962 0.000000 0.000000
22.0 0.004126 0.994817 0.001054 0.000000 0.000000
23.0 0.004514 0.994342 0.001140 0.000000 0.000000
24.0 0.004879 0.993898 0.001219 0.000000 0.000000
25.0 0.005213 0.993496 0.001288 0.000001 0.000000
26.0 0.005507 0.993142 0.001346 0.000001 0.000000
27.0 0.005756 0.992847 0.001394 0.000000 0.000000
28.0 0.005953 0.992614 0.001429 0.000000 0.000000
29.0 0.006095 0.992449 0.001451 0.000000 0.000000
30.0 0.006179 0.992354 0.001462 0.000000 0.000000
31.0 0.006205 0.992329 0.001461 0.000000 0.000000
32.0 0.006174 0.992372 0.001448 0.000000 0.000000
33.0 0.006088 0.992480 0.001425 0.000001 0.000000
34.0 0.005952 0.992648 0.001392 0.000001 0.000000
35.0 0.005771 0.992869 0.001351 0.000001 0.000000
36.0 0.005553 0.993135 0.001304 0.000002 0.000000
37.0 0.005305 0.993436 0.001250 0.000002 0.000000
38.0 0.005034 0.993762 0.001193 0.000002 0.000000
39.0 0.004751 0.994104 0.001134 0.000003 0.000000
40.0 0.004462 0.994452 0.001074 0.000003 0.000000
41.0 0.004176 0.994797 0.001015 0.000004 0.000000
42.0 0.003899 0.995128 0.000958 0.000004 0.000000
43.0 0.003638 0.995440 0.000905 0.000005 0.000000
44.0 0.003397 0.995725 0.000859 0.000006 0.000000
45.0 0.003180 0.995980 0.000819 0.000008 0.000000
46.0 0.002989 0.996200 0.000788 0.000010 0.000000
47.0 0.002824 0.996384 0.000765 0.000012 0.000000
48.0 0.002686 0.996532 0.000752 0.000015 0.000000
49.0 0.002572 0.996646 0.000748 0.000018 0.000000
50.0 0.002481 0.996729 0.000752 0.000020 0.000000
51.0 0.002410 0.996785 0.000763 0.000023 0.000000
52.0 0.002355 0.996820 0.000779 0.000026 0.000000
53.0 0.002314 0.996840 0.000797 0.000028 0.000000
54.0 0.002282 0.996850 0.000814 0.000030 0.000000
55.0 0.002258 0.996857 0.000828 0.000032 0.000000
56.0 0.002239 0.996866 0.000835 0.000033 0.000000
57.0 0.002221 0.996883 0.000833 0.000035 0.000000
58.0 0.002203 0.996911 0.000819 0.000038 0.000000
59.0 0.002183 0.996954 0.000791 0.000041 0.000000
60.0 0.002159 0.997013 0.000750 0.000045 0.000000
61.0 0.002130 0.997089 0.000696 0.000049 0.000000
62.0 0.002095 0.997182 0.000631 0.000055 0.000000
63.0 0.002052 0.997289 0.000559 0.000061 0.000000
64.0 0.002000 0.997408 0.000482 0.000067 0.000000
65.0 0.001939 0.997534 0.000407 0.000074 0.000000
66.0 0.001869 0.997664 0.000338 0.000082 0.000000
67.0 0.001789 0.997791 0.000280 0.000089 0.000000
68.0 0.001700 0.997912 0.000237 0.000096 0.000000
69.0 0.001605 0.998019 0.000213 0.000103 0.000000
70.0 0.001506 0.998110 0.000210 0.000110 0.000000
71.0 0.001406 0.998181 0.000227 0.000118 0.000000
72.0 0.001310 0.998227 0.000263 0.000126 0.000000
73.0 0.001222 0.998250 0.000314 0.000134 0.000000
74.0 0.001147 0.998247 0.000376 0.000144 0.000000
75.0 0.001088 0.998222 0.000442 0.000155 0.000000
76.0 0.001050 0.998175 0.000507 0.000169 0.000000
77.0 0.001035 0.998111 0.000565 0.000184 0.000000
78.0 0.001043 0.998033 0.000609 0.000202 0.000000
79.0 0.001076 0.997947 0.000637 0.000223 0.000000
80.0 0.001129 0.997855 0.000646 0.000246 0.000000
81.0 0.001201 0.997761 0.000635 0.000272 0.000000
82.0 0.001288 0.997669 0.000607 0.000300 0.000000
83.0 0.001385 0.997579 0.000564 0.000331 0.000000
84.0 0.001489 0.997491 0.000510 0.000365 0.000000
85.0 0.001597 0.997403 0.000449 0.000403 0.000000
86.0 0.001707 0.997312 0.000387 0.000445 0.000000
87.0 0.001818 0.997215 0.000351 0.000466 0.000000
88.0 0.001931 0.997107 0.000377 0.000436 0.000000
89.0 0.002048 0.996985 0.000416 0.000403 0.000000
90.0 0.002170 0.996845 0.000448 0.000388 0.000000
91.0 0.002298 0.996687 0.000473 0.000390 0.000000
92.0 0.002432 0.996513 0.000493 0.000402 0.000000
93.0 0.002571 0.996326 0.000508 0.000420 0.000000
94.0 0.002711 0.996135 0.000519 0.000438 0.000000
95.0 0.002848 0.995948 0.000525 0.000449 0.000000
96.0 0.002975 0.995776 0.000528 0.000447 0.000000
97.0 0.003087 0.995630 0.000527 0.000000 0.000427
98.0 0.003179 0.995519 0.000521 0.000000 0.000388
99.0 0.003249 0.995449 0.000513 0.000000 0.000331
100.0 0.003296 0.995421 0.000501 0.000000 0.000262
101.0 0.003322 0.995431 0.000486 0.000000 0.000196
102.0 0.003330 0.995472 0.000470 0.000000 0.000151
103.0 0.003324 0.995530 0.000453 0.000000 0.000136
104.0 0.003309 0.995591 0.000436 0.000000 0.000150
105.0 0.003287 0.995642 0.000420 0.000000 0.000182
106.0 0.003258 0.995675 0.000407 0.000000 0.000220
107.0 0.003221 0.995685 0.000399 0.000000 0.000255
108.0 0.003170 0.995677 0.000396 0.000000 0.000282
109.0 0.003102 0.995664 0.000399 0.000000 0.000298
110.0 0.003011 0.995664 0.000410 0.000000 0.000299
111.0 0.002897 0.995696 0.000430 0.000000 0.000287
112.0 0.002759 0.995778 0.000457 0.000000 0.000263
113.0 0.002601 0.995921 0.000491 0.000000 0.000228
114.0 0.002428 0.996125 0.000531 0.000000 0.000186
115.0 0.002246 0.996378 0.000574 0.000000 0.000140
116.0 0.002061 0.996657 0.000619 0.000000 0.000095
117.0 0.001876 0.996933 0.000660 0.000000 0.000056
118.0 0.001693 0.997176 0.000696 0.000000 0.000025
119.0 0.001512 0.997365 0.000724 0.000000 0.000007
120.0 0.001332 0.997490 0.000742 0.000000 0.000001
121.0 0.001152 0.997560 0.000748 0.000000 0.000009
122.0 0.000972 0.997597 0.000742 0.000000 0.000030
123.0 0.000796 0.997635 0.000726 0.000000 0.000060
124.0 0.000629 0.997710 0.000701 0.000000 0.000097
125.0 0.000475 0.997845 0.000671 0.000000 0.000136
126.0 0.000341 0.998048 0.000637 0.000000 0.000172
127.0 0.000233 0.998302 0.000603 0.000000 0.000202
128.0 0.000152 0.998570 0.000570 0.000000 0.000221
129.0 0.000102 0.998804 0.000538 0.000000 0.000228
130.0 0.000084 0.998954 0.000509 0.000000 0.000221
131.0 0.000099 0.998987 0.000482 0.000000 0.000202
132.0 0.000150 0.998894 0.000456 0.000000 0.000173
133.0 0.000242 0.998697 0.000432 0.000000 0.000138
134.0 0.000380 0.998436 0.000410 0.000000 0.000100
135.0 0.000569 0.998162 0.000391 0.000000 0.000065
136.0 0.000812 0.997913 0.000378 0.000000 0.000037
137.0 0.001112 0.997702 0.000372 0.000000 0.000020
138.0 0.001471 0.997507 0.000374 0.000000 0.000014
139.0 0.001887 0.997273 0.000385 0.000000 0.000021
140.0 0.002362 0.996935 0.000403 0.000000 0.000040
141.0 0.002897 0.996435 0.000428 0.000000 0.000066
142.0 0.003495 0.995745 0.000456 0.000000 0.000097
143.0 0.004159 0.994882 0.000485 0.000000 0.000128
144.0 0.004893 0.993900 0.000513 0.000000 0.000156
145.0 0.005702 0.992874 0.000538 0.000000 0.000177
146.0 0.006588 0.991872 0.000560 0.000000 0.000189
147.0 0.007550 0.990926 0.000581 0.000000 0.000192
148.0 0.008587 0.990021 0.000601 0.000000 0.000185
149.0 0.009696 0.989098 0.000619 0.000000 0.000169
150.0 0.010875 0.988080 0.000635 0.000000 0.000147
151.0 0.012121 0.986906 0.000648 0.000000 0.000121
152.0 0.013432 0.985553 0.000656 0.000000 0.000093
153.0 0.014808 0.984053 0.000656 0.000000 0.000067
154.0 0.016252 0.982472 0.000648 0.000000 0.000046
155.0 0.017766 0.980884 0.000633 0.000000 0.000030
156.0 0.019352 0.979331 0.000612 0.000000 0.000023
157.0 0.021007 0.977806 0.000589 0.000000 0.000025
158.0 0.022726 0.976260 0.000564 0.000000 0.000035
159.0 0.024496 0.974623 0.000539 0.000000 0.000052
160.0 0.026305 0.972848 0.000515 0.000000 0.000074
161.0 0.028146 0.970936 0.000491 0.000000 0.000098
162.0 0.030015 0.968935 0.000466 0.000000 0.000121
163.0 0.031917 0.966919 0.000442 0.000000 0.000141
164.0 0.033858 0.964949 0.000417 0.000000 0.000156
165.0 0.035841 0.963038 0.000396 0.000000 0.000164
166.0 0.037856 0.961158 0.000378 0.000000 0.000164
167.0 0.039884 0.959254 0.000365 0.000000 0.000157
168.0 0.041900 0.957289 0.000358 0.000000 0.000144
169.0 0.043883 0.955268 0.000356 0.000000 0.000126
170.0 0.045829 0.953238 0.000358 0.000000 0.000105
171.0 0.047743 0.951261 0.000363 0.000000 0.000084
172.0 0.049637 0.949373 0.000372 0.000000 0.000064
173.0 0.051516 0.947567 0.000384 0.000000 0.000048
174.0 0.053363 0.945805 0.000400 0.000000 0.000038
175.0 0.055151 0.944051 0.000420 0.000000 0.000034
176.0 0.056845 0.942307 0.000444 0.000000 0.000036
177.0 0.058428 0.940613 0.000470 0.000000 0.000044
178.0 0.059904 0.939029 0.000498 0.000000 0.000057
179.0 0.061292 0.937587 0.000526 0.000000 0.000073
180.0 0.062607 0.936281 0.000554 0.000000 0.000091
181.0 0.063843 0.935072 0.000581 0.000000 0.000108
182.0 0.064974 0.933931 0.000607 0.000000 0.000123
183.0 0.065964 0.932874 0.000632 0.000000 0.000134
184.0 0.066791 0.931950 0.000656 0.000000 0.000140
185.0 0.067461 0.931214 0.000677 0.000000 0.000140
186.0 0.068000 0.930679 0.000695 0.000000 0.000135
187.0 0.068429 0.930307 0.000708 0.000000 0.000126
188.0 0.068744 0.930047 0.000717 0.000000 0.000113
189.0 0.068920 0.929879 0.000721 0.000000 0.000098
190.0 0.068927 0.929834 0.000722 0.000000 0.000083
191.0 0.068755 0.929969 0.000719 0.000000 0.000069
192.0 0.068421 0.930314 0.000714 0.000000 0.000057
193.0 0.067958 0.930841 0.000705 0.000000 0.000049
194.0 0.067385 0.931484 0.000692 0.000000 0.000045
195.0 0.066695 0.932199 0.000676 0.000000 0.000046
196.0 0.065868 0.933002 0.000657 0.000000 0.000051
197.0 0.064886 0.933945 0.000636 0.000000 0.000059
198.0 0.063763 0.935068 0.000616 0.000000 0.000069
199.0 0.062527 0.936347 0.000596 0.000000 0.000081
200.0 0.061208 0.937719 0.000577 0.000000 0.000092
