#Time E_0 E_1 E_2 E_3 E_4
0.0 -7.72879583 -7.61555314 -7.48803884 -7.43936432 -7.18877372
1.0 -7.72879828 -7.61555339 -7.48803819 -7.43936381 -7.18880505
2.0 -7.72880569 -7.61555424 -7.48803631 -7.43936238 -7.18889900
3.0 -7.72881823 -7.61555595 -7.48803349 -7.43936032 -7.18905549
4.0 -7.72883619 -7.61555895 -7.48803019 -7.43935814 -7.18927438
5.0 -7.72885999 -7.61556386 -7.48802702 -7.43935652 -7.18955547
6.0 -7.72889011 -7.61557142 -7.48802478 -7.43935632 -7.18989849
7.0 -7.72892716 -7.61558254 -7.48802441 -7.43935858 -7.19030311
8.0 -7.72897181 -7.61559826 -7.48802698 -7.43936446 -7.19076891
9.0 -7.72902479 -7.61561970 -7.48803368 -7.43937529 -7.19129540
10.0 -7.72908690 -7.61564812 -7.48804579 -7.43939248 -7.19188201
11.0 -7.72915898 -7.61568481 -7.48806468 -7.43941756 -7.19252806
12.0 -7.72924186 -7.61573113 -7.48809177 -7.43945212 -7.19323276
13.0 -7.72933641 -7.61578849 -7.48812850 -7.43949779 -7.19399522
14.0 -7.72944345 -7.61585827 -7.48817633 -7.43955624 -7.19481444
15.0 -7.72956380 -7.61594186 -7.48823671 -7.43962913 -7.19568927
16.0 -7.72969820 -7.61604061 -7.48831102 -7.43971808 -7.19661843
17.0 -7.72984734 -7.61615579 -7.48840061 -7.43982471 -7.19760050
18.0 -7.73001180 -7.61628861 -7.48850673 -7.43995051 -7.19863391
19.0 -7.73019209 -7.61644015 -7.48863051 -7.44009693 -7.19971693
20.0 -7.73038858 -7.61661141 -7.48877297 -7.44026528 -7.20084768
21.0 -7.73060151 -7.61680320 -7.48893498 -7.44045674 -7.20202410
22.0 -7.73083097 -7.61701619 -7.48911722 -7.44067234 -7.20324397
23.0 -7.73107692 -7.61725089 -7.48932022 -7.44091297 -7.20450490
24.0 -7.73133913 -7.61750761 -7.48954431 -7.44117930 -7.20580432
25.0 -7.73161720 -7.61778647 -7.48978960 -7.44147186 -7.20713950
26.0 -7.73191055 -7.61808739 -7.49005600 -7.44179095 -7.20850755
27.0 -7.73221845 -7.61841007 -7.49034321 -7.44213667 -7.20990539
28.0 -7.73253993 -7.61875401 -7.49065068 -7.44250894 -7.21132981
29.0 -7.73287388 -7.61911848 -7.49097766 -7.44290744 -7.21277742
30.0 -7.73321900 -7.61950256 -7.49132318 -7.44333166 -7.21424472
31.0 -7.73357380 -7.61990509 -7.49168603 -7.44378089 -7.21572806
32.0 -7.73393661 -7.62032474 -7.49206480 -7.44425420 -7.21722364
33.0 -7.73430562 -7.62075996 -7.49245787 -7.44475050 -7.21872758
34.0 -7.73467885 -7.62120901 -7.49286343 -7.44526850 -7.22023590
35.0 -7.73505418 -7.62167000 -7.49327947 -7.44580673 -7.22174451
36.0 -7.73542934 -7.62214085 -7.49370383 -7.44636359 -7.22324926
37.0 -7.73580194 -7.62261934 -7.49413417 -7.44693732 -7.22474595
38.0 -7.73616951 -7.62310311 -7.49456801 -7.44752601 -7.22623033
39.0 -7.73652944 -7.62358968 -7.49500277 -7.44812768 -7.22769814
40.0 -7.73687910 -7.62407649 -7.49543573 -7.44874020 -7.22914508
41.0 -7.73721573 -7.62456085 -7.49586410 -7.44936142 -7.23056689
42.0 -7.73753659 -7.62504005 -7.49628499 -7.44998906 -7.23195932
43.0 -7.73783885 -7.62551130 -7.49669550 -7.45062085 -7.23331817
44.0 -7.73811972 -7.62597177 -7.49709264 -7.45125446 -7.23463929
45.0 -7.73837636 -7.62641865 -7.49747345 -7.45188753 -7.23591861
46.0 -7.73860599 -7.62684910 -7.49783494 -7.45251775 -7.23715216
47.0 -7.73880584 -7.62726031 -7.49817413 -7.45314277 -7.23833604
48.0 -7.73897319 -7.62764950 -7.49848810 -7.45376031 -7.23946650
49.0 -7.73910538 -7.62801394 -7.49877395 -7.45436810 -7.24053990
50.0 -7.73919982 -7.62835097 -7.49902885 -7.45496396 -7.24155276
51.0 -7.73925402 -7.62865797 -7.49925005 -7.45554572 -7.24250173
52.0 -7.73926557 -7.62893245 -7.49943487 -7.45611132 -7.24338364
53.0 -7.73923218 -7.62917199 -7.49958073 -7.45665877 -7.24419547
54.0 -7.73915165 -7.62937428 -7.49968516 -7.45718613 -7.24493439
55.0 -7.73902192 -7.62953713 -7.49974581 -7.45769160 -7.24559775
56.0 -7.73884107 -7.62965845 -7.49976042 -7.45817341 -7.24618308
57.0 -7.73860728 -7.62973628 -7.49972688 -7.45862990 -7.24668810
58.0 -7.73831890 -7.62976881 -7.49964319 -7.45905950 -7.24711071
59.0 -7.73797438 -7.62975432 -7.49950749 -7.45946070 -7.24744902
60.0 -7.73757236 -7.62969124 -7.49931804 -7.45983209 -7.24770130
61.0 -7.73711157 -7.62957815 -7.49907324 -7.46017232 -7.24786603
62.0 -7.73659093 -7.62941371 -7.49877163 -7.46048012 -7.24794185
63.0 -7.73600947 -7.62919676 -7.49841186 -7.46075424 -7.24792760
64.0 -7.73536637 -7.62892624 -7.49799272 -7.46099353 -7.24782226
65.0 -7.73466093 -7.62860120 -7.49751311 -7.46119686 -7.24762501
66.0 -7.73389261 -7.62822084 -7.49697206 -7.46136314 -7.24733517
67.0 -7.73306097 -7.62778446 -7.49636874 -7.46149131 -7.24695222
68.0 -7.73216573 -7.62729145 -7.49570242 -7.46158033 -7.24647578
69.0 -7.73120670 -7.62674135 -7.49497246 -7.46162919 -7.24590562
70.0 -7.73018383 -7.62613377 -7.49417837 -7.46163687 -7.24524162
71.0 -7.72909717 -7.62546843 -7.49331974 -7.46160238 -7.24448379
72.0 -7.72794687 -7.62474514 -7.49239626 -7.46152471 -7.24363227
73.0 -7.72673321 -7.62396379 -7.49140775 -7.46140288 -7.24268729
74.0 -7.72545655 -7.62312439 -7.49035410 -7.46123588 -7.24164918
75.0 -7.72411737 -7.62222699 -7.48923531 -7.46102272 -7.24051839
76.0 -7.72271621 -7.62127176 -7.48805149 -7.46076243 -7.23929544
77.0 -7.72125372 -7.62025892 -7.48680283 -7.46045402 -7.23798094
78.0 -7.71973064 -7.61918880 -7.48548961 -7.46009653 -7.23657557
79.0 -7.71814778 -7.61806177 -7.48411224 -7.45968901 -7.23508011
80.0 -7.71650605 -7.61687830 -7.48267121 -7.45923057 -7.23349540
81.0 -7.71480644 -7.61563893 -7.48116712 -7.45872030 -7.23182236
82.0 -7.71305000 -7.61434428 -7.47960066 -7.45815739 -7.23006198
83.0 -7.71123786 -7.61299503 -7.47797266 -7.45754106 -7.22821534
84.0 -7.70937125 -7.61159196 -7.47628404 -7.45687057 -7.22628356
85.0 -7.70745144 -7.61013591 -7.47453585 -7.45614527 -7.22426785
86.0 -7.70547979 -7.60862780 -7.47272925 -7.45536458 -7.22216950
87.0 -7.70345774 -7.60706864 -7.47086556 -7.45452798 -7.21998986
88.0 -7.70138676 -7.60545949 -7.46894624 -7.45363502 -7.21773036
89.0 -7.69926844 -7.60380151 -7.46697290 -7.45268534 -7.21539253
90.0 -7.69710440 -7.60209595 -7.46494736 -7.45167858 -7.21297796
91.0 -7.69489633 -7.60034411 -7.46287166 -7.45061444 -7.21048832
92.0 -7.69264599 -7.59854739 -7.46074808 -7.44949256 -7.20792537
93.0 -7.69035519 -7.59670724 -7.45857929 -7.44831252 -7.20529095
94.0 -7.68802581 -7.59482523 -7.45636840 -7.44707362 -7.20258700
95.0 -7.68565977 -7.59290295 -7.45411918 -7.44577481 -7.19981552
96.0 -7.68325905 -7.59094210 -7.45183637 -7.44441427 -7.19697862
97.0 -7.68082566 -7.58894444 -7.44952619 -7.44298896 -7.19407848
98.0 -7.67836167 -7.58691177 -7.44719721 -7.44149368 -7.19111736
99.0 -7.67586918 -7.58484599 -7.44486173 -7.43991974 -7.18809759
100.0 -7.67335033 -7.58274901 -7.44253778 -7.43825292 -7.18502159
101.0 -7.67080729 -7.58062285 -7.44025081 -7.43647176 -7.18189185
102.0 -7.66824223 -7.57846951 -7.43803161 -7.43454964 -7.17871092
103.0 -7.66565738 -7.57629109 -7.43590472 -7.43246636 -7.17548140
104.0 -7.66305496 -7.57408970 -7.43387223 -7.43022428 -7.17220596
105.0 -7.66043719 -7.57186749 -7.43191271 -7.42784948 -7.16888732
106.0 -7.65780633 -7.56962662 -7.42999717 -7.42537562 -7.16552823
107.0 -7.65516461 -7.56736929 -7.42810206 -7.42283109 -7.16213148
108.0 -7.65251425 -7.56509770 -7.42621207 -7.42023608 -7.15869987
109.0 -7.64985749 -7.56281406 -7.42431833 -7.41760437 -7.15523626
110.0 -7.64719654 -7.56052060 -7.42241617 -7.41494564 -7.15174347
111.0 -7.64453358 -7.55821953 -7.42050352 -7.41226698 -7.14822438
112.0 -7.64187077 -7.55591306 -7.41857986 -7.40957391 -7.14468181
113.0 -7.63921026 -7.55360337 -7.41664570 -7.40687092 -7.14111861
114.0 -7.63655414 -7.55129265 -7.41470215 -7.40416190 -7.13753761
115.0 -7.63390449 -7.54898304 -7.41275076 -7.40145026 -7.13394160
116.0 -7.63126333 -7.54667667 -7.41079332 -7.39873910 -7.13033334
117.0 -7.62863266 -7.54437563 -7.40883179 -7.39603130 -7.12671558
118.0 -7.62601440 -7.54208197 -7.40686823 -7.39332957 -7.12309100
119.0 -7.62341046 -7.53979772 -7.40490479 -7.39063644 -7.11946226
120.0 -7.62082268 -7.53752484 -7.40294361 -7.38795435 -7.11583196
121.0 -7.61825284 -7.53526526 -7.40098688 -7.38528561 -7.11220263
122.0 -7.61570268 -7.53302085 -7.39903675 -7.38263246 -7.10857677
123.0 -7.61317388 -7.53079345 -7.39709533 -7.37999702 -7.10495681
124.0 -7.61066806 -7.52858481 -7.39516473 -7.37738133 -7.10134510
125.0 -7.60818678 -7.52639666 -7.39324698 -7.37478735 -7.09774395
126.0 -7.60573153 -7.52423064 -7.39134407 -7.37221697 -7.09415558
127.0 -7.60330377 -7.52208836 -7.38945794 -7.36967198 -7.09058214
128.0 -7.60090487 -7.51997134 -7.38759046 -7.36715412 -7.08702573
129.0 -7.59853614 -7.51788106 -7.38574343 -7.36466502 -7.08348836
130.0 -7.59619884 -7.51581893 -7.38391858 -7.36220626 -7.07997197
131.0 -7.59389417 -7.51378630 -7.38211757 -7.35977933 -7.07647842
132.0 -7.59162326 -7.51178444 -7.38034199 -7.35738565 -7.07300951
133.0 -7.58938717 -7.50981458 -7.37859334 -7.35502657 -7.06956694
134.0 -7.58718691 -7.50787787 -7.37687308 -7.35270336 -7.06615236
135.0 -7.58502343 -7.50597539 -7.37518255 -7.35041722 -7.06276734
136.0 -7.58289763 -7.50410818 -7.37352305 -7.34816929 -7.05941337
137.0 -7.58081033 -7.50227720 -7.37189579 -7.34596062 -7.05609187
138.0 -7.57876229 -7.50048334 -7.37030191 -7.34379221 -7.05280418
139.0 -7.57675425 -7.49872746 -7.36874247 -7.34166498 -7.04955159
140.0 -7.57478685 -7.49701032 -7.36721846 -7.33957980 -7.04633530
141.0 -7.57286069 -7.49533266 -7.36573081 -7.33753744 -7.04315645
142.0 -7.57097634 -7.49369512 -7.36428035 -7.33553865 -7.04001611
143.0 -7.56913428 -7.49209832 -7.36286789 -7.33358409 -7.03691527
144.0 -7.56733496 -7.49054279 -7.36149412 -7.33167437 -7.03385488
145.0 -7.56557879 -7.48902905 -7.36015971 -7.32981004 -7.03083582
146.0 -7.56386612 -7.48755753 -7.35886524 -7.32799160 -7.02785890
147.0 -7.56219725 -7.48612862 -7.35761124 -7.32621949 -7.02492487
148.0 -7.56057245 -7.48474266 -7.35639818 -7.32449409 -7.02203444
149.0 -7.55899193 -7.48339996 -7.35522646 -7.32281575 -7.01918825
150.0 -7.55745588 -7.48210075 -7.35409645 -7.32118474 -7.01638688
151.0 -7.55596443 -7.48084524 -7.35300845 -7.31960131 -7.01363087
152.0 -7.55451769 -7.47963359 -7.35196271 -7.31806566 -7.01092071
153.0 -7.55311573 -7.47846593 -7.35095944 -7.31657794 -7.00825684
154.0 -7.55175857 -7.47734233 -7.34999879 -7.31513825 -7.00563964
155.0 -7.55044622 -7.47626284 -7.34908087 -7.31374668 -7.00306947
156.0 -7.54917864 -7.47522747 -7.34820576 -7.31240325 -7.00054663
157.0 -7.54795578 -7.47423619 -7.34737348 -7.31110796 -6.99807138
158.0 -7.54677755 -7.47328894 -7.34658403 -7.30986079 -6.99564395
159.0 -7.54564383 -7.47238564 -7.34583736 -7.30866165 -6.99326451
160.0 -7.54455448 -7.47152616 -7.34513339 -7.30751044 -6.99093323
161.0 -7.54350934 -7.47071037 -7.34447200 -7.30640705 -6.98865022
162.0 -7.54250822 -7.46993808 -7.34385304 -7.30535132 -6.98641555
163.0 -7.54155092 -7.46920910 -7.34327635 -7.30434305 -6.98422929
164.0 -7.54063721 -7.46852321 -7.34274171 -7.30338205 -6.98209145
165.0 -7.53976684 -7.46788016 -7.34224890 -7.30246809 -6.98000203
166.0 -7.53893955 -7.46727969 -7.34179766 -7.30160091 -6.97796099
167.0 -7.53815505 -7.46672152 -7.34138770 -7.30078023 -6.97596827
168.0 -7.53741306 -7.46620534 -7.34101873 -7.30000578 -6.97402379
169.0 -7.53671326 -7.46573082 -7.34069042 -7.29927722 -6.97212745
170.0 -7.53605533 -7.46529763 -7.34040242 -7.29859424 -6.97027909
171.0 -7.53543891 -7.46490542 -7.34015437 -7.29795648 -6.96847858
172.0 -7.53486368 -7.46455381 -7.33994588 -7.29736359 -6.96672574
173.0 -7.53432926 -7.46424241 -7.33977656 -7.29681518 -6.96502038
174.0 -7.53383527 -7.46397084 -7.33964599 -7.29631087 -6.96336228
175.0 -7.53338134 -7.46373868 -7.33955375 -7.29585025 -6.96175121
176.0 -7.53296708 -7.46354552 -7.33949938 -7.29543291 -6.96018693
177.0 -7.53259208 -7.46339091 -7.33948242 -7.29505841 -6.95866917
178.0 -7.53225593 -7.46327442 -7.33950242 -7.29472633 -6.95719766
179.0 -7.53195821 -7.46319559 -7.33955890 -7.29443621 -6.95577210
180.0 -7.53169850 -7.46315398 -7.33965135 -7.29418760 -6.95439218
181.0 -7.53147637 -7.46314910 -7.33977928 -7.29398004 -6.95305759
182.0 -7.53129138 -7.46318049 -7.33994217 -7.29381304 -6.95176799
183.0 -7.53114310 -7.46324766 -7.34013952 -7.29368613 -6.95052304
184.0 -7.53103106 -7.46335013 -7.34037080 -7.29359883 -6.94932237
185.0 -7.53095481 -7.46348739 -7.34063547 -7.29355063 -6.94816563
186.0 -7.53091391 -7.46365896 -7.34093298 -7.29354104 -6.94705244
187.0 -7.53090789 -7.46386432 -7.34126281 -7.29356956 -6.94598241
188.0 -7.53093627 -7.46410297 -7.34162439 -7.29363566 -6.94495514
189.0 -7.53099860 -7.46437440 -7.34201717 -7.29373885 -6.94397023
190.0 -7.53109440 -7.46467808 -7.34244058 -7.29387859 -6.94302727
191.0 -7.53122320 -7.46501351 -7.34289407 -7.29405437 -6.94212583
192.0 -7.53138451 -7.46538015 -7.34337706 -7.29426566 -6.94126547
193.0 -7.53157786 -7.46577748 -7.34388897 -7.29451193 -6.94044578
194.0 -7.53180276 -7.46620498 -7.34442924 -7.29479264 -6.93966629
195.0 -7.53205873 -7.46666211 -7.34499729 -7.29510726 -6.93892656
196.0 -7.53234528 -7.46714834 -7.34559253 -7.29545525 -6.93822614
197.0 -7.53266192 -7.46766314 -7.34621439 -7.29583608 -6.93756455
198.0 -7.53300817 -7.46820599 -7.34686228 -7.29624919 -6.93694134
199.0 -7.53338354 -7.46877634 -7.34753561 -7.29669405 -6.93635603
200.0 -7.53378753 -7.46937367 -7.34823381 -7.29717012 -6.93580814
