#Time Kinetic_e Potential_e Total_e Norm
0.0 0.00000000 -7.62081421 -7.62081421 1.0000000000000002
1.0 0.00008013 -7.62088375 -7.62080362 0.9999988999216406
2.0 0.00032032 -7.62111336 -7.62079304 0.9999978000235037
3.0 0.00071996 -7.62150243 -7.62078246 0.9999967004842533
4.0 0.00127810 -7.62204999 -7.62077189 0.9999956014818605
5.0 0.00199338 -7.62275471 -7.62076133 0.9999945031932621
6.0 0.00286406 -7.62361484 -7.62075078 0.9999934057940378
7.0 0.00388804 -7.62462828 -7.62074024 0.9999923094580739
8.0 0.00506290 -7.62579261 -7.62072971 0.9999912143572444
9.0 0.00638582 -7.62710503 -7.62071920 0.9999901206611028
10.0 0.00785366 -7.62856237 -7.62070871 0.9999890285366033
11.0 0.00946298 -7.63016122 -7.62069824 0.9999879381478115
12.0 0.01121012 -7.63189790 -7.62068778 0.9999868496556102
13.0 0.01309111 -7.63376847 -7.62067736 0.9999857632174374
14.0 0.01510164 -7.63576860 -7.62066695 0.9999846789870948
15.0 0.01723719 -7.63789377 -7.62065658 0.9999835971145434
16.0 0.01949307 -7.64013930 -7.62064623 0.9999825177456702
17.0 0.02186440 -7.64250031 -7.62063591 0.999981441022102
18.0 0.02434608 -7.64497170 -7.62062562 0.9999803670810516
19.0 0.02693292 -7.64754829 -7.62061536 0.999979296055174
20.0 0.02961961 -7.65022475 -7.62060514 0.9999782280724231
21.0 0.03240078 -7.65299574 -7.62059496 0.9999771632559347
22.0 0.03527083 -7.65585564 -7.62058481 0.999976101723971
23.0 0.03822407 -7.65879877 -7.62057470 0.9999750435898933
24.0 0.04125492 -7.66181955 -7.62056463 0.9999739889620776
25.0 0.04435784 -7.66491244 -7.62055459 0.9999729379438211
26.0 0.04752717 -7.66807177 -7.62054460 0.9999718906333492
27.0 0.05075722 -7.67129187 -7.62053465 0.9999708471238564
28.0 0.05404242 -7.67456716 -7.62052475 0.9999698075035058
29.0 0.05737725 -7.67789214 -7.62051489 0.999968771855437
30.0 0.06075623 -7.68126130 -7.62050507 0.9999677402578251
31.0 0.06417392 -7.68466922 -7.62049530 0.9999667127839358
32.0 0.06762504 -7.68811062 -7.62048558 0.999965689502196
33.0 0.07110455 -7.69158045 -7.62047590 0.9999646704762081
34.0 0.07460751 -7.69507378 -7.62046627 0.9999636557648213
35.0 0.07812887 -7.69858556 -7.62045669 0.9999626454222862
36.0 0.08166382 -7.70211097 -7.62044716 0.9999616394983967
37.0 0.08520777 -7.70564544 -7.62043767 0.9999606380385485
38.0 0.08875634 -7.70918459 -7.62042824 0.9999596410838212
39.0 0.09230521 -7.71272407 -7.62041886 0.9999586486711048
40.0 0.09585032 -7.71625985 -7.62040953 0.9999576608332378
41.0 0.09938781 -7.71978806 -7.62040024 0.999956677599091
42.0 0.10291396 -7.72330497 -7.62039101 0.9999556989937052
43.0 0.10642517 -7.72680700 -7.62038183 0.9999547250384443
44.0 0.10991801 -7.73029071 -7.62037270 0.9999537557511374
45.0 0.11338931 -7.73375293 -7.62036362 0.9999527911462063
46.0 0.11683625 -7.73719085 -7.62035460 0.9999518312347219
47.0 0.12025601 -7.74060163 -7.62034562 0.999950876024551
48.0 0.12364585 -7.74398255 -7.62033670 0.9999499255205552
49.0 0.12700335 -7.74733118 -7.62032783 0.9999489797247134
50.0 0.13032625 -7.75064526 -7.62031901 0.9999480386362055
51.0 0.13361243 -7.75392267 -7.62031024 0.9999471022515716
52.0 0.13685985 -7.75716137 -7.62030152 0.9999461705648413
53.0 0.14006678 -7.76035963 -7.62029285 0.9999452435676599
54.0 0.14323176 -7.76351600 -7.62028424 0.999944321249333
55.0 0.14635342 -7.76662909 -7.62027567 0.9999434035969454
56.0 0.14943036 -7.76969752 -7.62026716 0.999942490595527
57.0 0.15246128 -7.77271997 -7.62025869 0.9999415822282226
58.0 0.15544512 -7.77569540 -7.62025028 0.999940678476382
59.0 0.15838122 -7.77862313 -7.62024191 0.9999397793195792
60.0 0.16126875 -7.78150235 -7.62023360 0.9999388847357229
61.0 0.16410695 -7.78433229 -7.62022533 0.9999379947012383
62.0 0.16689530 -7.78711242 -7.62021711 0.9999371091911435
63.0 0.16963345 -7.78984240 -7.62020895 0.999936228179097
64.0 0.17232112 -7.79252195 -7.62020083 0.9999353516374836
65.0 0.17495800 -7.79515076 -7.62019275 0.9999344795375379
66.0 0.17754377 -7.79772850 -7.62018473 0.999933611849482
67.0 0.18007851 -7.80025526 -7.62017675 0.9999327485425484
68.0 0.18256246 -7.80273129 -7.62016882 0.9999318895849671
69.0 0.18499581 -7.80515675 -7.62016094 0.9999310349440615
70.0 0.18737849 -7.80753159 -7.62015310 0.9999301845864166
71.0 0.18971060 -7.80985591 -7.62014531 0.9999293384779967
72.0 0.19199254 -7.81213010 -7.62013756 0.9999284965841337
73.0 0.19422478 -7.81435464 -7.62012986 0.9999276588695264
74.0 0.19640779 -7.81652999 -7.62012220 0.9999268252983137
75.0 0.19854192 -7.81865651 -7.62011459 0.9999259958341783
76.0 0.20062762 -7.82073463 -7.62010702 0.999925170440421
77.0 0.20266565 -7.82276514 -7.62009949 0.9999243490799365
78.0 0.20465669 -7.82474870 -7.62009201 0.9999235317152452
79.0 0.20660121 -7.82668577 -7.62008456 0.9999227183086062
80.0 0.20849964 -7.82857680 -7.62007716 0.9999219088221303
81.0 0.21035263 -7.83042243 -7.62006981 0.9999211032177905
82.0 0.21216108 -7.83222356 -7.62006249 0.9999203014573743
83.0 0.21392578 -7.83398099 -7.62005521 0.9999195035024917
84.0 0.21564743 -7.83569540 -7.62004797 0.9999187093146763
85.0 0.21732658 -7.83736735 -7.62004078 0.9999179188554647
86.0 0.21896390 -7.83899752 -7.62003362 0.9999171320864412
87.0 0.22056039 -7.84058688 -7.62002650 0.9999163489691776
88.0 0.22211684 -7.84213625 -7.62001942 0.9999155694652383
89.0 0.22363392 -7.84364629 -7.62001237 0.9999147935362833
90.0 0.22511235 -7.84511771 -7.62000537 0.9999140211441041
91.0 0.22655289 -7.84655128 -7.61999840 0.9999132522506274
92.0 0.22795645 -7.84794792 -7.61999146 0.999912486817904
93.0 0.22932387 -7.84930843 -7.61998457 0.9999117248081115
94.0 0.23065567 -7.85063338 -7.61997771 0.9999109661836534
95.0 0.23195245 -7.85192333 -7.61997088 0.999910210907223
96.0 0.23321490 -7.85317899 -7.61996409 0.9999094589417796
97.0 0.23444392 -7.85440125 -7.61995734 0.999908710250498
98.0 0.23564036 -7.85559097 -7.61995061 0.9999079647967506
99.0 0.23680492 -7.85674885 -7.61994393 0.9999072225441558
100.0 0.23793828 -7.85787555 -7.61993727 0.9999064834566238
101.0 0.23904113 -7.85897178 -7.61993065 0.9999057474983635
102.0 0.24011422 -7.86003828 -7.61992406 0.9999050146338754
103.0 0.24115827 -7.86107578 -7.61991750 0.9999042848279521
104.0 0.24217379 -7.86208476 -7.61991098 0.9999035580457373
105.0 0.24316130 -7.86306578 -7.61990448 0.9999028342527547
106.0 0.24412147 -7.86401949 -7.61989802 0.9999021134148824
107.0 0.24505503 -7.86494661 -7.61989158 0.9999013954983171
108.0 0.24596269 -7.86584787 -7.61988518 0.9999006804695604
109.0 0.24684505 -7.86672386 -7.61987881 0.9998999682954476
110.0 0.24770264 -7.86757510 -7.61987247 0.99989925894318
111.0 0.24853608 -7.86840223 -7.61986615 0.99989855238032
112.0 0.24934605 -7.86920591 -7.61985987 0.999897848574759
113.0 0.25013317 -7.86998678 -7.61985361 0.9998971474947168
114.0 0.25089797 -7.87074535 -7.61984738 0.9998964491087706
115.0 0.25164094 -7.87148211 -7.61984118 0.999895753385879
116.0 0.25236260 -7.87219761 -7.61983500 0.9998950602953687
117.0 0.25306353 -7.87289239 -7.61982886 0.9998943698069223
118.0 0.25374432 -7.87356705 -7.61982274 0.9998936818905634
119.0 0.25440543 -7.87422208 -7.61981664 0.9998929965166625
120.0 0.25504731 -7.87485788 -7.61981057 0.9998923136559739
121.0 0.25567047 -7.87547501 -7.61980453 0.9998916332796066
122.0 0.25627547 -7.87607399 -7.61979852 0.9998909553590043
123.0 0.25686283 -7.87665536 -7.61979252 0.9998902798659437
124.0 0.25743307 -7.87721963 -7.61978656 0.999889606772525
125.0 0.25798663 -7.87776724 -7.61978061 0.9998889360511932
126.0 0.25852399 -7.87829869 -7.61977470 0.9998882676747299
127.0 0.25904568 -7.87881448 -7.61976880 0.9998876016162364
128.0 0.25955211 -7.87931504 -7.61976293 0.9998869378491436
129.0 0.26004359 -7.87980068 -7.61975709 0.9998862763472459
130.0 0.26052039 -7.88027165 -7.61975126 0.9998856170847193
131.0 0.26098284 -7.88072830 -7.61974546 0.9998849600361092
132.0 0.26143140 -7.88117108 -7.61973968 0.9998843051762898
133.0 0.26186653 -7.88160046 -7.61973393 0.9998836524804344
134.0 0.26228869 -7.88201688 -7.61972819 0.9998830019240115
135.0 0.26269818 -7.88242066 -7.61972248 0.9998823534827982
136.0 0.26309539 -7.88281218 -7.61971679 0.9998817071328975
137.0 0.26348072 -7.88319184 -7.61971112 0.999881062850707
138.0 0.26385451 -7.88355998 -7.61970547 0.9998804206129257
139.0 0.26421706 -7.88391690 -7.61969984 0.9998797803965712
140.0 0.26456858 -7.88426281 -7.61969423 0.999879142178987
141.0 0.26490926 -7.88459791 -7.61968865 0.9998785059378629
142.0 0.26523940 -7.88492248 -7.61968308 0.9998778716512107
143.0 0.26555932 -7.88523685 -7.61967753 0.9998772392973339
144.0 0.26586925 -7.88554125 -7.61967200 0.9998766088548375
145.0 0.26616938 -7.88583587 -7.61966650 0.9998759803026365
146.0 0.26645991 -7.88612092 -7.61966101 0.999875353619959
147.0 0.26674115 -7.88639668 -7.61965554 0.9998747287863184
148.0 0.26701347 -7.88666355 -7.61965008 0.9998741057814758
149.0 0.26727722 -7.88692187 -7.61964465 0.9998734845854274
150.0 0.26753262 -7.88717185 -7.61963923 0.9998728651784293
151.0 0.26777978 -7.88741362 -7.61963384 0.9998722475410274
152.0 0.26801888 -7.88764734 -7.61962846 0.9998716316540656
153.0 0.26825015 -7.88787324 -7.61962310 0.9998710174986581
154.0 0.26847377 -7.88809152 -7.61961775 0.9998704050561836
155.0 0.26868993 -7.88830235 -7.61961243 0.9998697943082806
156.0 0.26889868 -7.88850580 -7.61960712 0.999869185236876
157.0 0.26910013 -7.88870196 -7.61960182 0.9998685778241821
158.0 0.26929450 -7.88889104 -7.61959655 0.9998679720526678
159.0 0.26948203 -7.88907332 -7.61959129 0.999867367905024
160.0 0.26966297 -7.88924901 -7.61958604 0.9998667653641575
161.0 0.26983751 -7.88941833 -7.61958082 0.999866164413193
162.0 0.27000581 -7.88958142 -7.61957561 0.9998655650354837
163.0 0.27016808 -7.88973849 -7.61957041 0.9998649672146045
164.0 0.27032455 -7.88988978 -7.61956523 0.9998643709343312
165.0 0.27047546 -7.89003552 -7.61956006 0.9998637761786332
166.0 0.27062092 -7.89017584 -7.61955492 0.9998631829316934
167.0 0.27076101 -7.89031079 -7.61954978 0.9998625911779264
168.0 0.27089582 -7.89044048 -7.61954466 0.9998620009019802
169.0 0.27102551 -7.89056506 -7.61953956 0.999861412088716
170.0 0.27115025 -7.89068472 -7.61953447 0.999860824723192
171.0 0.27127026 -7.89079966 -7.61952939 0.9998602387906459
172.0 0.27138560 -7.89090993 -7.61952433 0.999859654276516
173.0 0.27149635 -7.89101564 -7.61951929 0.9998590711664523
174.0 0.27160267 -7.89111693 -7.61951425 0.9998584894462985
175.0 0.27170472 -7.89121395 -7.61950923 0.999857909102074
176.0 0.27180272 -7.89130695 -7.61950423 0.9998573301199618
177.0 0.27189684 -7.89139608 -7.61949924 0.9998567524863019
178.0 0.27198714 -7.89148140 -7.61949426 0.9998561761876185
179.0 0.27207372 -7.89156302 -7.61948930 0.999855601210617
180.0 0.27215672 -7.89164106 -7.61948434 0.9998550275421796
181.0 0.27223621 -7.89171562 -7.61947941 0.9998544551693618
182.0 0.27231233 -7.89178681 -7.61947448 0.9998538840793918
183.0 0.27238507 -7.89185464 -7.61946957 0.9998533142596793
184.0 0.27245442 -7.89191909 -7.61946467 0.9998527456978338
185.0 0.27252047 -7.89198025 -7.61945978 0.9998521783816482
186.0 0.27258324 -7.89203815 -7.61945490 0.9998516122990891
187.0 0.27264287 -7.89209291 -7.61945004 0.9998510474382856
188.0 0.27269941 -7.89214460 -7.61944519 0.9998504837875205
189.0 0.27275289 -7.89219325 -7.61944035 0.9998499213352435
190.0 0.27280338 -7.89223891 -7.61943553 0.999849360070071
191.0 0.27285092 -7.89228163 -7.61943071 0.9998487999807721
192.0 0.27289560 -7.89232151 -7.61942591 0.9998482410562671
193.0 0.27293748 -7.89235859 -7.61942112 0.9998476832856242
194.0 0.27297657 -7.89239291 -7.61941634 0.9998471266580631
195.0 0.27301293 -7.89242450 -7.61941157 0.9998465711629551
196.0 0.27304659 -7.89245340 -7.61940681 0.9998460167898183
197.0 0.27307764 -7.89247970 -7.61940206 0.9998454635283105
198.0 0.27310615 -7.89250348 -7.61939733 0.9998449113682165
199.0 0.27313215 -7.89252475 -7.61939260 0.9998443602994572
200.0 0.27315568 -7.89254357 -7.61938789 0.9998438103120915
