#Time E_0 E_1 E_2 E_3 E_4
0.0 -7.73550144 -7.62081421 -7.49483190 -7.44321748 -7.19573677
1.0 -7.73550408 -7.62081406 -7.49483177 -7.44321696 -7.19576890
2.0 -7.73551243 -7.62081409 -7.49483188 -7.44321588 -7.19586576
3.0 -7.73552782 -7.62081577 -7.49483376 -7.44321574 -7.19602877
4.0 -7.73555241 -7.62082150 -7.49483995 -7.44321899 -7.19626030
5.0 -7.73558926 -7.62083464 -7.49485397 -7.44322908 -7.19656363
6.0 -7.73564225 -7.62085948 -7.49488033 -7.44325037 -7.19694295
7.0 -7.73571609 -7.62090121 -7.49492449 -7.44328818 -7.19740332
8.0 -7.73581627 -7.62096591 -7.49499281 -7.44334869 -7.19795065
9.0 -7.73594906 -7.62106048 -7.49509258 -7.44343898 -7.19859164
10.0 -7.73612148 -7.62119265 -7.49523190 -7.44356693 -7.19933377
11.0 -7.73634123 -7.62137090 -7.49541969 -7.44374120 -7.20018520
12.0 -7.73661668 -7.62160444 -7.49566562 -7.44397118 -7.20115479
13.0 -7.73695681 -7.62190313 -7.49598008 -7.44426695 -7.20225198
14.0 -7.73737117 -7.62227746 -7.49637409 -7.44463923 -7.20348676
15.0 -7.73786985 -7.62273849 -7.49685929 -7.44509928 -7.20486959
16.0 -7.73846339 -7.62329775 -7.49744780 -7.44565888 -7.20641136
17.0 -7.73916274 -7.62396724 -7.49815225 -7.44633027 -7.20812330
18.0 -7.73997923 -7.62475930 -7.49898563 -7.44712604 -7.21001692
19.0 -7.74092448 -7.62568661 -7.49996129 -7.44805911 -7.21210394
20.0 -7.74201034 -7.62676205 -7.50109280 -7.44914262 -7.21439622
21.0 -7.74324886 -7.62799872 -7.50239393 -7.45038989 -7.21690566
22.0 -7.74465219 -7.62940976 -7.50387856 -7.45181433 -7.21964418
23.0 -7.74623254 -7.63100839 -7.50556059 -7.45342938 -7.22262360
24.0 -7.74800209 -7.63280774 -7.50745386 -7.45524840 -7.22585559
25.0 -7.74997297 -7.63482086 -7.50957213 -7.45728465 -7.22935158
26.0 -7.75215715 -7.63706058 -7.51192893 -7.45955116 -7.23312274
27.0 -7.75456640 -7.63953950 -7.51453754 -7.46206070 -7.23717985
28.0 -7.75721222 -7.64226986 -7.51741087 -7.46482570 -7.24153325
29.0 -7.76010577 -7.64526354 -7.52056143 -7.46785816 -7.24619282
30.0 -7.76325782 -7.64853191 -7.52400123 -7.47116957 -7.25116785
31.0 -7.76667867 -7.65208585 -7.52774172 -7.47477090 -7.25646704
32.0 -7.77037811 -7.65593561 -7.53179373 -7.47867247 -7.26209840
33.0 -7.77436535 -7.66009081 -7.53616737 -7.48288393 -7.26806922
34.0 -7.77864898 -7.66456035 -7.54087203 -7.48741416 -7.27438602
35.0 -7.78323689 -7.66935237 -7.54591625 -7.49227128 -7.28105450
36.0 -7.78813623 -7.67447419 -7.55130773 -7.49746252 -7.28807950
37.0 -7.79335337 -7.67993226 -7.55705321 -7.50299422 -7.29546494
38.0 -7.79889385 -7.68573212 -7.56315849 -7.50887177 -7.30321380
39.0 -7.80476235 -7.69187838 -7.56962835 -7.51509957 -7.31132813
40.0 -7.81096262 -7.69837466 -7.57646652 -7.52168101 -7.31980894
41.0 -7.81749750 -7.70522357 -7.58367562 -7.52861843 -7.32865626
42.0 -7.82436885 -7.71242672 -7.59125720 -7.53591307 -7.33786910
43.0 -7.83157754 -7.71998462 -7.59921166 -7.54356512 -7.34744539
44.0 -7.83912344 -7.72789677 -7.60753825 -7.55157363 -7.35738207
45.0 -7.84700538 -7.73616157 -7.61623507 -7.55993656 -7.36767498
46.0 -7.85522119 -7.74477636 -7.62529906 -7.56865076 -7.37831896
47.0 -7.86376767 -7.75373743 -7.63472599 -7.57771198 -7.38930783
48.0 -7.87264060 -7.76303999 -7.64451052 -7.58711488 -7.40063438
49.0 -7.88183472 -7.77267823 -7.65464615 -7.59685305 -7.41229041
50.0 -7.89134382 -7.78264533 -7.66512529 -7.60691906 -7.42426676
51.0 -7.90116067 -7.79293346 -7.67593926 -7.61730443 -7.43655336
52.0 -7.91127713 -7.80353386 -7.68707837 -7.62799973 -7.44913923
53.0 -7.92168412 -7.81443682 -7.69853188 -7.63899462 -7.46201253
54.0 -7.93237171 -7.82563178 -7.71028816 -7.65027785 -7.47516064
55.0 -7.94332913 -7.83710734 -7.72233465 -7.66183736 -7.48857019
56.0 -7.95454483 -7.84885135 -7.73465797 -7.67366034 -7.50222711
57.0 -7.96600653 -7.86085092 -7.74724394 -7.68573326 -7.51611669
58.0 -7.97770128 -7.87309247 -7.76007770 -7.69804195 -7.53022364
59.0 -7.98961551 -7.88556187 -7.77314373 -7.71057167 -7.54453217
60.0 -8.00173511 -7.89824442 -7.78642596 -7.72330721 -7.55902603
61.0 -8.01404547 -7.91112496 -7.79990782 -7.73623289 -7.57368861
62.0 -8.02653159 -7.92418792 -7.81357233 -7.74933271 -7.58850299
63.0 -8.03917810 -7.93741742 -7.82740218 -7.76259039 -7.60345200
64.0 -8.05196936 -7.95079728 -7.84137980 -7.77598944 -7.61851833
65.0 -8.06488952 -7.96431116 -7.85548745 -7.78951324 -7.63368455
66.0 -8.07792259 -7.97794256 -7.86970728 -7.80314513 -7.64893320
67.0 -8.09105250 -7.99167495 -7.88402142 -7.81686843 -7.66424686
68.0 -8.10426320 -8.00549178 -7.89841206 -7.83066657 -7.67960824
69.0 -8.11753868 -8.01937661 -7.91286151 -7.84452313 -7.69500020
70.0 -8.13086307 -8.03331312 -7.92735227 -7.85842189 -7.71040583
71.0 -8.14422067 -8.04728517 -7.94186711 -7.87234689 -7.72580850
72.0 -8.15759603 -8.06127687 -7.95638910 -7.88628250 -7.74119192
73.0 -8.17097399 -8.07527267 -7.97090168 -7.90021346 -7.75654020
74.0 -8.18433974 -8.08925734 -7.98538875 -7.91412494 -7.77183789
75.0 -8.19767887 -8.10321607 -7.99983467 -7.92800256 -7.78707002
76.0 -8.21097738 -8.11713449 -8.01422431 -7.94183246 -7.80222214
77.0 -8.22422176 -8.13099872 -8.02854313 -7.95560129 -7.81728035
78.0 -8.23739900 -8.14479539 -8.04277717 -7.96929628 -7.83223134
79.0 -8.25049665 -8.15851169 -8.05691309 -7.98290527 -7.84706244
80.0 -8.26350278 -8.17213537 -8.07093821 -7.99641666 -7.86176158
81.0 -8.27640606 -8.18565476 -8.08484051 -8.00981950 -7.87631736
82.0 -8.28919574 -8.19905884 -8.09860863 -8.02310349 -7.89071903
83.0 -8.30186170 -8.21233719 -8.11223194 -8.03625895 -7.90495655
84.0 -8.31439445 -8.22548004 -8.12570050 -8.04927687 -7.91902056
85.0 -8.32678510 -8.23847826 -8.13900506 -8.06214890 -7.93290238
86.0 -8.33902539 -8.25132335 -8.15213708 -8.07486733 -7.94659404
87.0 -8.35110770 -8.26400747 -8.16508872 -8.08742509 -7.96008824
88.0 -8.36302503 -8.27652343 -8.17785281 -8.09981577 -7.97337839
89.0 -8.37477098 -8.28886465 -8.19042287 -8.11203359 -7.98645858
90.0 -8.38633976 -8.30102520 -8.20279310 -8.12407339 -7.99932357
91.0 -8.39772620 -8.31299974 -8.21495831 -8.13593061 -8.01196880
92.0 -8.40892567 -8.32478355 -8.22691398 -8.14760129 -8.02439035
93.0 -8.41993413 -8.33637249 -8.23865618 -8.15908207 -8.03658498
94.0 -8.43074807 -8.34776297 -8.25018157 -8.17037012 -8.04855011
95.0 -8.44136454 -8.35895196 -8.26148737 -8.18146317 -8.06028377
96.0 -8.45178105 -8.36993696 -8.27257135 -8.19235947 -8.07178470
97.0 -8.46199562 -8.38071595 -8.28343180 -8.20305777 -8.08305230
98.0 -8.47200675 -8.39128743 -8.29406750 -8.21355732 -8.09408669
99.0 -8.48181337 -8.40165035 -8.30447770 -8.22385785 -8.10488882
100.0 -8.49141484 -8.41180409 -8.31466210 -8.23395951 -8.11546052
101.0 -8.50081092 -8.42174846 -8.32462081 -8.24386292 -8.12580476
102.0 -8.51000175 -8.43148364 -8.33435434 -8.25356908 -8.13592594
103.0 -8.51898782 -8.44101021 -8.34386356 -8.26307940 -8.14583048
104.0 -8.52776996 -8.45032907 -8.35314969 -8.27239567 -8.15552783
105.0 -8.53634930 -8.45944145 -8.36221426 -8.28152004 -8.16503234
106.0 -8.54472727 -8.46834887 -8.37105908 -8.29045501 -8.17436675
107.0 -8.55290556 -8.47705315 -8.37968626 -8.29920340 -8.18356917
108.0 -8.56088612 -8.48555635 -8.38809813 -8.30776836 -8.19270668
109.0 -8.56867111 -8.49386077 -8.39629728 -8.31615335 -8.20189895
110.0 -8.57626291 -8.50196892 -8.40428647 -8.32436213 -8.21133816
111.0 -8.58366411 -8.50988351 -8.41206866 -8.33239874 -8.22122750
112.0 -8.59087743 -8.51760743 -8.41964698 -8.34026751 -8.23159197
113.0 -8.59790578 -8.52514372 -8.42702472 -8.34797301 -8.24223753
114.0 -8.60475220 -8.53249558 -8.43420528 -8.35552011 -8.25294266
115.0 -8.61141985 -8.53966631 -8.44119217 -8.36291390 -8.26356300
116.0 -8.61791199 -8.54665933 -8.44798902 -8.37015973 -8.27401968
117.0 -8.62423199 -8.55347815 -8.45459953 -8.37726318 -8.28427075
118.0 -8.63038328 -8.56012637 -8.46102747 -8.38423004 -8.29429344
119.0 -8.63636938 -8.56660765 -8.46727667 -8.39106633 -8.30407513
120.0 -8.64219386 -8.57292570 -8.47335100 -8.39777823 -8.31360872
121.0 -8.64786032 -8.57908427 -8.47925436 -8.40437211 -8.32289033
122.0 -8.65337241 -8.58508716 -8.48499068 -8.41085444 -8.33191797
123.0 -8.65873381 -8.59093816 -8.49056391 -8.41723181 -8.34069086
124.0 -8.66394820 -8.59664110 -8.49597799 -8.42351085 -8.34920903
125.0 -8.66901928 -8.60219981 -8.50123686 -8.42969816 -8.35747306
126.0 -8.67395074 -8.60761809 -8.50634445 -8.43580026 -8.36548401
127.0 -8.67874629 -8.61289976 -8.51130466 -8.44182351 -8.37324333
128.0 -8.68340958 -8.61804861 -8.51612139 -8.44777403 -8.38075287
129.0 -8.68794429 -8.62306838 -8.52079849 -8.45365759 -8.38801492
130.0 -8.69235404 -8.62796280 -8.52533977 -8.45947951 -8.39503224
131.0 -8.69664243 -8.63273557 -8.52974900 -8.46524460 -8.40180809
132.0 -8.70081304 -8.63739033 -8.53402992 -8.47095708 -8.40834633
133.0 -8.70486938 -8.64193067 -8.53818620 -8.47662051 -8.41465140
134.0 -8.70881496 -8.64636014 -8.54222147 -8.48223774 -8.42072836
135.0 -8.71265321 -8.65068225 -8.54613932 -8.48781095 -8.42658289
136.0 -8.71638753 -8.65490043 -8.54994325 -8.49334162 -8.43222123
137.0 -8.72002127 -8.65901805 -8.55363673 -8.49883060 -8.43765015
138.0 -8.72355772 -8.66303845 -8.55722316 -8.50427817 -8.44287688
139.0 -8.72700013 -8.66696487 -8.56070588 -8.50968414 -8.44790895
140.0 -8.73035169 -8.67080051 -8.56408816 -8.51504792 -8.45275418
141.0 -8.73361551 -8.67454847 -8.56737321 -8.52036864 -8.45742049
142.0 -8.73679467 -8.67821183 -8.57056420 -8.52564525 -8.46191586
143.0 -8.73989219 -8.68179355 -8.57366420 -8.53087660 -8.46624820
144.0 -8.74291102 -8.68529656 -8.57667624 -8.53606151 -8.47042525
145.0 -8.74585405 -8.68872369 -8.57960329 -8.54119887 -8.47445458
146.0 -8.74872411 -8.69207772 -8.58244826 -8.54628764 -8.47834347
147.0 -8.75152399 -8.69536134 -8.58521400 -8.55132693 -8.48209889
148.0 -8.75425640 -8.69857719 -8.58790332 -8.55631599 -8.48572750
149.0 -8.75692399 -8.70172783 -8.59051896 -8.56125425 -8.48923559
150.0 -8.75952936 -8.70481573 -8.59306365 -8.56614129 -8.49262911
151.0 -8.76207506 -8.70784333 -8.59554009 -8.57097684 -8.49591365
152.0 -8.76456357 -8.71081296 -8.59795096 -8.57576076 -8.49909445
153.0 -8.76699730 -8.71372690 -8.60029899 -8.58049299 -8.50217643
154.0 -8.76937863 -8.71658737 -8.60258699 -8.58517346 -8.50516417
155.0 -8.77170987 -8.71939648 -8.60481800 -8.58980198 -8.50806194
156.0 -8.77399327 -8.72215633 -8.60699553 -8.59437794 -8.51087373
157.0 -8.77623104 -8.72486890 -8.60912419 -8.59889970 -8.51360325
158.0 -8.77842532 -8.72753613 -8.61121145 -8.60336280 -8.51625394
159.0 -8.78057821 -8.73015990 -8.61327380 -8.60775380 -8.51882901
160.0 -8.78269176 -8.73274200 -8.61536730 -8.61201972 -8.52133143
161.0 -8.78476795 -8.73528419 -8.61780842 -8.61584713 -8.52376396
162.0 -8.78680873 -8.73778813 -8.62136817 -8.61846813 -8.52612917
163.0 -8.78881599 -8.74025544 -8.62546110 -8.62047122 -8.52842942
164.0 -8.79079159 -8.74268769 -8.62962365 -8.62232301 -8.53066690
165.0 -8.79273733 -8.74508637 -8.63377812 -8.62410423 -8.53284365
166.0 -8.79465496 -8.74745291 -8.63790678 -8.62583557 -8.53496151
167.0 -8.79654618 -8.74978870 -8.64200426 -8.62752539 -8.53702222
168.0 -8.79841268 -8.75209506 -8.64606887 -8.62917826 -8.53902735
169.0 -8.80025607 -8.75437325 -8.65010035 -8.63079733 -8.54097836
170.0 -8.80207792 -8.75662450 -8.65409904 -8.63238505 -8.54287655
171.0 -8.80387979 -8.75884996 -8.65806557 -8.63394355 -8.54472315
172.0 -8.80566316 -8.76105075 -8.66200074 -8.63547473 -8.54651924
173.0 -8.80742951 -8.76322791 -8.66590541 -8.63698038 -8.54826581
174.0 -8.80918024 -8.76538247 -8.66978048 -8.63846218 -8.54996375
175.0 -8.81091673 -8.76751538 -8.67362684 -8.63992174 -8.55161386
176.0 -8.81264034 -8.76962756 -8.67744540 -8.64136061 -8.55321685
177.0 -8.81435236 -8.77171987 -8.68123702 -8.64278031 -8.55477335
178.0 -8.81605406 -8.77379316 -8.68500256 -8.64418228 -8.55628390
179.0 -8.81774668 -8.77584820 -8.68874284 -8.64556796 -8.55774898
180.0 -8.81943141 -8.77788574 -8.69245864 -8.64693872 -8.55916901
181.0 -8.82110941 -8.77990648 -8.69615070 -8.64829591 -8.56054432
182.0 -8.82278180 -8.78191110 -8.69981975 -8.64964083 -8.56187521
183.0 -8.82444967 -8.78390023 -8.70346644 -8.65097475 -8.56316191
184.0 -8.82611407 -8.78587448 -8.70709141 -8.65229891 -8.56440461
185.0 -8.82777602 -8.78783441 -8.71069522 -8.65361449 -8.56560345
186.0 -8.82943650 -8.78978056 -8.71427842 -8.65492266 -8.56675854
187.0 -8.83109646 -8.79171345 -8.71784150 -8.65622451 -8.56786996
188.0 -8.83275680 -8.79363356 -8.72138491 -8.65752113 -8.56893773
189.0 -8.83441841 -8.79554137 -8.72490904 -8.65881355 -8.56996188
190.0 -8.83608211 -8.79743731 -8.72841424 -8.66010274 -8.57094242
191.0 -8.83774871 -8.79932181 -8.73190081 -8.66138965 -8.57187931
192.0 -8.83941898 -8.80119528 -8.73536902 -8.66267516 -8.57277253
193.0 -8.84109364 -8.80305811 -8.73881907 -8.66396013 -8.57362205
194.0 -8.84277339 -8.80491070 -8.74225111 -8.66524535 -8.57442783
195.0 -8.84445890 -8.80675342 -8.74566525 -8.66653155 -8.57518982
196.0 -8.84615077 -8.80858664 -8.74906154 -8.66781944 -8.57590800
197.0 -8.84784959 -8.81041073 -8.75244000 -8.66910965 -8.57658233
198.0 -8.84955591 -8.81222605 -8.75580056 -8.67040278 -8.57721281
199.0 -8.85127024 -8.81403298 -8.75914313 -8.67169934 -8.57779942
200.0 -8.85299305 -8.81583190 -8.76246754 -8.67299984 -8.57834218
