[[1.00000000e+00 0.00000000e+00 0.00000000e+00 0.00000000e+00
  0.00000000e+00 0.00000000e+00 0.00000000e+00]
 [0.00000000e+00 1.00000000e+00 0.00000000e+00 0.00000000e+00
  0.00000000e+00 0.00000000e+00 0.00000000e+00]
 [0.00000000e+00 0.00000000e+00 1.00000000e+00 0.00000000e+00
  0.00000000e+00 0.00000000e+00 0.00000000e+00]
 [0.00000000e+00 0.00000000e+00 0.00000000e+00 1.00000000e+00
  0.00000000e+00 0.00000000e+00 0.00000000e+00]
 [0.00000000e+00 0.00000000e+00 0.00000000e+00 0.00000000e+00
  0.00000000e+00 0.00000000e+00 0.00000000e+00]
 [0.00000000e+00 0.00000000e+00 0.00000000e+00 2.22044605e-16
  0.00000000e+00 0.00000000e+00 0.00000000e+00]
 [0.00000000e+00 0.00000000e+00 0.00000000e+00 0.00000000e+00
  1.00000000e+00 0.00000000e+00 0.00000000e+00]
 [0.00000000e+00 0.00000000e+00 0.00000000e+00 0.00000000e+00
  0.00000000e+00 0.00000000e+00 0.00000000e+00]
 [0.00000000e+00 0.00000000e+00 0.00000000e+00 0.00000000e+00
  2.22044605e-16 0.00000000e+00 0.00000000e+00]
 [0.00000000e+00 0.00000000e+00 0.00000000e+00 0.00000000e+00
  0.00000000e+00 1.00000000e+00 0.00000000e+00]
 [0.00000000e+00 0.00000000e+00 0.00000000e+00 0.00000000e+00
  0.00000000e+00 0.00000000e+00 1.00000000e+00]]
[[ 0.00000000e+00  0.00000000e+00]
 [ 0.00000000e+00  0.00000000e+00]
 [ 0.00000000e+00  0.00000000e+00]
 [ 1.26997988e-32  0.00000000e+00]
 [ 1.00000000e+00  0.00000000e+00]
 [-6.12323400e-17  0.00000000e+00]
 [ 0.00000000e+00  1.26997988e-32]
 [ 0.00000000e+00  1.00000000e+00]
 [ 0.00000000e+00 -6.12323400e-17]
 [ 0.00000000e+00  0.00000000e+00]
 [ 0.00000000e+00  0.00000000e+00]]
[[ 0.00000000e+00  0.00000000e+00]
 [ 0.00000000e+00  0.00000000e+00]
 [ 0.00000000e+00  0.00000000e+00]
 [-1.89526925e-16  0.00000000e+00]
 [ 6.12323400e-17  0.00000000e+00]
 [ 1.00000000e+00  0.00000000e+00]
 [ 0.00000000e+00 -1.89526925e-16]
 [ 0.00000000e+00  6.12323400e-17]
 [ 0.00000000e+00  1.00000000e+00]
 [ 0.00000000e+00  0.00000000e+00]
 [ 0.00000000e+00  0.00000000e+00]]
