#Time E_0 E_1 E_2 E_3 E_4
0.0 -7.73787446 -7.62166357 -7.49518309 -7.44413110 -7.22990971
1.0 -7.73796969 -7.62174069 -7.49525164 -7.44417769 -7.22993734
2.0 -7.73825649 -7.62197243 -7.49545725 -7.44431752 -7.23003218
3.0 -7.73873509 -7.62235977 -7.49579986 -7.44455122 -7.23019602
4.0 -7.73940575 -7.62290429 -7.49627934 -7.44487979 -7.23043126
5.0 -7.74026879 -7.62360812 -7.49689545 -7.44530458 -7.23074121
6.0 -7.74132461 -7.62447393 -7.49764789 -7.44582736 -7.23113002
7.0 -7.74257364 -7.62550487 -7.49853626 -7.44645027 -7.23160273
8.0 -7.74401637 -7.62670456 -7.49956008 -7.44717583 -7.23216516
9.0 -7.74565330 -7.62807701 -7.50071882 -7.44800698 -7.23282391
10.0 -7.74748499 -7.62962656 -7.50201184 -7.44894706 -7.23358632
11.0 -7.74951198 -7.63135785 -7.50343847 -7.44999979 -7.23446041
12.0 -7.75173480 -7.63327574 -7.50499797 -7.45116931 -7.23545487
13.0 -7.75415399 -7.63538524 -7.50668955 -7.45246015 -7.23657897
14.0 -7.75677004 -7.63769146 -7.50851237 -7.45387720 -7.23784255
15.0 -7.75958339 -7.64019956 -7.51046557 -7.45542567 -7.23925596
16.0 -7.76259442 -7.64291465 -7.51254826 -7.45711111 -7.24083002
17.0 -7.76580340 -7.64584174 -7.51475952 -7.45893931 -7.24257599
18.0 -7.76921051 -7.64898572 -7.51709843 -7.46091626 -7.24450548
19.0 -7.77281582 -7.65235125 -7.51956406 -7.46304810 -7.24663050
20.0 -7.77661924 -7.65594279 -7.52215550 -7.46534103 -7.24896333
21.0 -7.78062051 -7.65976445 -7.52487182 -7.46780122 -7.25151656
22.0 -7.78481921 -7.66382004 -7.52771213 -7.47043475 -7.25430302
23.0 -7.78921469 -7.66811299 -7.53067552 -7.47324748 -7.25733576
24.0 -7.79380609 -7.67264631 -7.53376112 -7.47624496 -7.26062803
25.0 -7.79859233 -7.67742259 -7.53696807 -7.47943234 -7.26419325
26.0 -7.80357205 -7.68244394 -7.54029550 -7.48281426 -7.26804499
27.0 -7.80874362 -7.68771197 -7.54374255 -7.48639475 -7.27219693
28.0 -7.81410513 -7.69322776 -7.54730834 -7.49017712 -7.27666286
29.0 -7.81965435 -7.69899184 -7.55099199 -7.49416392 -7.28145663
30.0 -7.82538875 -7.70500416 -7.55479257 -7.49835680 -7.28659215
31.0 -7.83130547 -7.71126405 -7.55870910 -7.50275651 -7.29208331
32.0 -7.83740131 -7.71777019 -7.56274055 -7.50736282 -7.29794397
33.0 -7.84367275 -7.72452061 -7.56688580 -7.51217448 -7.30418791
34.0 -7.85011589 -7.73151262 -7.57114363 -7.51718921 -7.31082871
35.0 -7.85672653 -7.73874279 -7.57551271 -7.52240370 -7.31787972
36.0 -7.86350007 -7.74620692 -7.57999154 -7.52781366 -7.32535390
37.0 -7.87043162 -7.75390001 -7.58457851 -7.53341375 -7.33326371
38.0 -7.87751590 -7.76181624 -7.58927178 -7.53919775 -7.34162092
39.0 -7.88474736 -7.76994893 -7.59406935 -7.54515854 -7.35043640
40.0 -7.89212011 -7.77829054 -7.59896900 -7.55128818 -7.35971990
41.0 -7.89962797 -7.78683265 -7.60396827 -7.55757802 -7.36947980
42.0 -7.90726447 -7.79556592 -7.60906447 -7.56401875 -7.37972275
43.0 -7.91502293 -7.80448013 -7.61425466 -7.57060049 -7.39045344
44.0 -7.92289639 -7.81356417 -7.61953564 -7.57731292 -7.40167422
45.0 -7.93087773 -7.82280607 -7.62490393 -7.58414530 -7.41338488
46.0 -7.93895963 -7.83219297 -7.63035579 -7.59108663 -7.42558233
47.0 -7.94713468 -7.84171124 -7.63588723 -7.59812570 -7.43826046
48.0 -7.95539533 -7.85134645 -7.64149397 -7.60525117 -7.45140998
49.0 -7.96373399 -7.86108345 -7.64717150 -7.61245163 -7.46501841
50.0 -7.97214305 -7.87090642 -7.65291505 -7.61971571 -7.47907011
51.0 -7.98061490 -7.88079895 -7.65871964 -7.62703211 -7.49354642
52.0 -7.98914196 -7.89074410 -7.66458007 -7.63438964 -7.50842592
53.0 -7.99771677 -7.90072451 -7.67049094 -7.64177733 -7.52368470
54.0 -8.00633193 -7.91072245 -7.67644672 -7.64918440 -7.53929671
55.0 -8.01498022 -7.92071997 -7.68244172 -7.65660034 -7.55523414
56.0 -8.02365453 -7.93069894 -7.68847018 -7.66401495 -7.57146783
57.0 -8.03234793 -7.94064122 -7.69452627 -7.67141832 -7.58796759
58.0 -8.04105361 -7.95052875 -7.70060416 -7.67880089 -7.60470260
59.0 -8.04976494 -7.96034366 -7.70669808 -7.68615344 -7.62164170
60.0 -8.05847543 -7.97006843 -7.71280245 -7.69346714 -7.63875368
61.0 -8.06717866 -7.97968601 -7.71891200 -7.70073350 -7.65600741
62.0 -8.07586831 -7.98917995 -7.72502214 -7.70794444 -7.67337176
63.0 -8.08453808 -7.99853453 -7.73112973 -7.71509236 -7.69081498
64.0 -8.09318165 -8.00773488 -7.73723558 -7.72217075 -7.70830177
65.0 -8.10179263 -8.01676712 -7.74335648 -7.72918708 -7.72576855
66.0 -8.11036457 -8.02561845 -7.74966156 -7.74308927 -7.73606078
67.0 -8.11889085 -8.03427727 -7.76142222 -7.75486281 -7.74288593
68.0 -8.12736470 -8.04273320 -7.77863572 -7.76111587 -7.74960497
69.0 -8.13577923 -8.05097719 -7.79598943 -7.76713292 -7.75621449
70.0 -8.14412736 -8.05900154 -7.81328786 -7.77308746 -7.76270694
71.0 -8.15240190 -8.06679987 -7.83048976 -7.77900169 -7.76907389
72.0 -8.16059558 -8.07436712 -7.84757090 -7.78488334 -7.77530640
73.0 -8.16870111 -8.08169956 -7.86451199 -7.79073734 -7.78139540
74.0 -8.17671125 -8.08879469 -7.88129623 -7.79656768 -7.78733222
75.0 -8.18461886 -8.09565124 -7.89790847 -7.80237755 -7.79310925
76.0 -8.19241701 -8.10226908 -7.91433487 -7.80816886 -7.79872062
77.0 -8.20009905 -8.10864921 -7.93056272 -7.81394196 -7.80416257
78.0 -8.20765866 -8.11479374 -7.94658023 -7.81969566 -7.80943352
79.0 -8.21508994 -8.12070588 -7.96237635 -7.82542754 -7.81453371
80.0 -8.22238744 -8.12638997 -7.97794060 -7.83113454 -7.81946463
81.0 -8.22954625 -8.13185168 -7.99326275 -7.83681348 -7.82422846
82.0 -8.23656198 -8.13709811 -8.00833256 -7.84246151 -7.82882764
83.0 -8.24343084 -8.14213822 -8.02313923 -7.84807636 -7.83326457
84.0 -8.25014962 -8.14698335 -8.03767082 -7.85365641 -7.83754151
85.0 -8.25671571 -8.15164813 -8.05191317 -7.85920076 -7.84166053
86.0 -8.26312712 -8.15615184 -8.06584843 -7.86470910 -7.84562357
87.0 -8.26938245 -8.16052083 -8.07945262 -7.87018172 -7.84943249
88.0 -8.27548088 -8.16479227 -8.09269172 -7.87561941 -7.85308915
89.0 -8.28142218 -8.16902059 -8.10551518 -7.88102342 -7.85659548
90.0 -8.28720670 -8.17328818 -8.11784515 -7.88639545 -7.85995354
91.0 -8.29283534 -8.17772224 -8.12955951 -7.89173765 -7.86316558
92.0 -8.29830953 -8.18251690 -8.14046971 -7.89705267 -7.86623415
93.0 -8.30363127 -8.18794508 -8.15030879 -7.90234375 -7.86916216
94.0 -8.30880307 -8.19431142 -8.15877841 -7.90761483 -7.87195308
95.0 -8.31382801 -8.20180208 -8.16569888 -7.91287075 -7.87461122
96.0 -8.31870973 -8.21034286 -8.17115104 -7.91811748 -7.87714248
97.0 -8.32345245 -8.21965692 -8.17541834 -7.92336245 -7.87955620
98.0 -8.32806111 -8.22943974 -8.17881180 -7.92861494 -7.88187214
99.0 -8.33254135 -8.23945747 -8.18157148 -7.93388655 -7.88415963
100.0 -8.33689976 -8.24955461 -8.18385859 -7.93919178 -7.88707389
101.0 -8.34114401 -8.25963193 -8.18577726 -7.94454858 -7.89391858
102.0 -8.34528318 -8.26962530 -8.18739539 -7.94997884 -7.90205070
103.0 -8.34932825 -8.27949120 -8.18875859 -7.95550861 -7.91010410
104.0 -8.35329271 -8.28919752 -8.18989870 -7.96116765 -7.91794074
105.0 -8.35719365 -8.29871735 -8.19083882 -7.96698800 -7.92550439
106.0 -8.36105321 -8.30802440 -8.19159645 -7.97300110 -7.93275337
107.0 -8.36490090 -8.31708880 -8.19218528 -7.97923367 -7.93965436
108.0 -8.36877685 -8.32587260 -8.19261644 -7.98570303 -7.94618465
109.0 -8.37273626 -8.33432448 -8.19289922 -7.99241347 -7.95233492
110.0 -8.37685445 -8.34237427 -8.19304159 -7.99935518 -7.95811010
111.0 -8.38122948 -8.34992978 -8.19305054 -8.00650611 -7.96352734
112.0 -8.38597557 -8.35688327 -8.19293232 -8.01383607 -7.96861195
113.0 -8.39119762 -8.36313666 -8.19269257 -8.02131123 -7.97339291
114.0 -8.39694956 -8.36864302 -8.19233652 -8.02889779 -7.97789921
115.0 -8.40320577 -8.37343510 -8.19186897 -8.03656442 -7.98215744
116.0 -8.40987472 -8.37761153 -8.19129446 -8.04428332 -7.98619078
117.0 -8.41684091 -8.38129486 -8.19061724 -8.05203057 -7.99001867
118.0 -8.42399928 -8.38459710 -8.18984136 -8.05978584 -7.99365716
119.0 -8.43126844 -8.38760641 -8.18897067 -8.06753200 -7.99711929
120.0 -8.43859020 -8.39038755 -8.18800891 -8.07525459 -8.00041563
121.0 -8.44592443 -8.39298700 -8.18695964 -8.08294137 -8.00355477
122.0 -8.45324383 -8.39543818 -8.18582639 -8.09058187 -8.00654376
123.0 -8.46052989 -8.39776542 -8.18461260 -8.09816706 -8.00938842
124.0 -8.46777006 -8.39998682 -8.18332176 -8.10568902 -8.01209364
125.0 -8.47495586 -8.40211614 -8.18195744 -8.11314061 -8.01466362
126.0 -8.48208156 -8.40416407 -8.18052353 -8.12051518 -8.01710203
127.0 -8.48914335 -8.40613909 -8.17902453 -8.12780604 -8.01941216
128.0 -8.49613874 -8.40804807 -8.17746629 -8.13500569 -8.02159702
129.0 -8.50306616 -8.40989662 -8.17585793 -8.14210380 -8.02365944
130.0 -8.50992467 -8.41168946 -8.17421742 -8.14908156 -8.02560213
131.0 -8.51671380 -8.41343053 -8.17259420 -8.15588903 -8.02742773
132.0 -8.52343337 -8.41512321 -8.17121458 -8.16229965 -8.02913889
133.0 -8.53008339 -8.41677039 -8.17198454 -8.16640748 -8.03073828
134.0 -8.53666401 -8.41837456 -8.17729660 -8.16582025 -8.03222870
135.0 -8.54317547 -8.41993788 -8.18357583 -8.16411335 -8.03361317
136.0 -8.54961802 -8.42146222 -8.18992585 -8.16218380 -8.03489523
137.0 -8.55599193 -8.42294923 -8.19622615 -8.16015291 -8.03607980
138.0 -8.56229747 -8.42440031 -8.20244524 -8.15805315 -8.03717673
139.0 -8.56853487 -8.42581671 -8.20857113 -8.15589761 -8.03822738
140.0 -8.57470434 -8.42719951 -8.21459819 -8.15369319 -8.03992918
141.0 -8.58080605 -8.42854965 -8.22052334 -8.15144430 -8.04359733
142.0 -8.58684012 -8.42986794 -8.22634483 -8.14915421 -8.04743811
143.0 -8.59280663 -8.43115509 -8.23206160 -8.14682557 -8.05123768
144.0 -8.59870564 -8.43241171 -8.23767305 -8.14446066 -8.05497765
145.0 -8.60453715 -8.43363832 -8.24317890 -8.14206157 -8.05865413
146.0 -8.61030112 -8.43483540 -8.24857911 -8.13963021 -8.06226614
147.0 -8.61599750 -8.43600333 -8.25387380 -8.13716841 -8.06581361
148.0 -8.62162618 -8.43714245 -8.25906329 -8.13467789 -8.06929681
149.0 -8.62718706 -8.43825306 -8.26414798 -8.13216034 -8.07271615
150.0 -8.63267999 -8.43933542 -8.26912841 -8.12961739 -8.07607215
151.0 -8.63810483 -8.44038975 -8.27400521 -8.12705064 -8.07936533
152.0 -8.64346140 -8.44141625 -8.27877910 -8.12446165 -8.08259624
153.0 -8.64874955 -8.44241510 -8.28345087 -8.12185200 -8.08576541
154.0 -8.65396908 -8.44338647 -8.28802139 -8.11922327 -8.08887332
155.0 -8.65911983 -8.44433050 -8.29249157 -8.11657713 -8.09192035
156.0 -8.66420161 -8.44524734 -8.29686238 -8.11391552 -8.09490658
157.0 -8.66921426 -8.44613713 -8.30113484 -8.11124120 -8.09783126
158.0 -8.67415761 -8.44700002 -8.30531001 -8.10856083 -8.10068972
159.0 -8.67903153 -8.44783613 -8.30938897 -8.10592802 -8.10343029
160.0 -8.68383589 -8.44864562 -8.31337286 -8.10637043 -8.10302726
161.0 -8.68857057 -8.44942863 -8.31726283 -8.10902261 -8.10034799
162.0 -8.69323548 -8.45018533 -8.32106003 -8.11165592 -8.09762306
163.0 -8.69783056 -8.45091589 -8.32476566 -8.11424021 -8.09488446
164.0 -8.70235575 -8.45162047 -8.32838091 -8.11677208 -8.09213750
165.0 -8.70681104 -8.45229928 -8.33190700 -8.11925098 -8.08938457
166.0 -8.71119642 -8.45295251 -8.33534513 -8.12167710 -8.08662734
167.0 -8.71551192 -8.45358038 -8.33869652 -8.12405087 -8.08386723
168.0 -8.71975760 -8.45418311 -8.34196239 -8.12637282 -8.08110556
169.0 -8.72393354 -8.45476095 -8.34514395 -8.12864352 -8.07834361
170.0 -8.72803985 -8.45531414 -8.34824240 -8.13086357 -8.07558265
171.0 -8.73207666 -8.45584295 -8.35125896 -8.13303358 -8.07282394
172.0 -8.73604413 -8.45634767 -8.35419480 -8.13515419 -8.07006879
173.0 -8.73994246 -8.45682858 -8.35705112 -8.13722602 -8.06731855
174.0 -8.74377186 -8.45728600 -8.35982909 -8.13924969 -8.06457464
175.0 -8.74753256 -8.45772025 -8.36252985 -8.14122585 -8.06183860
176.0 -8.75122485 -8.45813164 -8.36515456 -8.14315513 -8.05911213
177.0 -8.75484901 -8.45852053 -8.36770433 -8.14503816 -8.05639714
178.0 -8.75840535 -8.45888728 -8.37018027 -8.14687557 -8.05369587
179.0 -8.76189423 -8.45923224 -8.37258348 -8.14866800 -8.05101101
180.0 -8.76531599 -8.45955579 -8.37491503 -8.15041606 -8.04834591
181.0 -8.76867103 -8.45985832 -8.37717597 -8.15212039 -8.04570489
182.0 -8.77195974 -8.46014023 -8.37936734 -8.15378161 -8.04309367
183.0 -8.77518256 -8.46040191 -8.38149014 -8.15540034 -8.04052013
184.0 -8.77833993 -8.46064377 -8.38354537 -8.15697719 -8.03799537
185.0 -8.78143230 -8.46086624 -8.38553400 -8.15851278 -8.03553530
186.0 -8.78446017 -8.46106974 -8.38745699 -8.16000771 -8.03316270
187.0 -8.78742401 -8.46125470 -8.38931526 -8.16146258 -8.03090913
188.0 -8.79032434 -8.46142156 -8.39110973 -8.16287800 -8.02881422
189.0 -8.79316170 -8.46157075 -8.39284130 -8.16425456 -8.02691801
190.0 -8.79593660 -8.46170272 -8.39451082 -8.16559284 -8.02524459
191.0 -8.79864961 -8.46181791 -8.39611917 -8.16689343 -8.02378778
192.0 -8.80130129 -8.46191678 -8.39766716 -8.16815692 -8.02251438
193.0 -8.80389221 -8.46199977 -8.39915563 -8.16938386 -8.02138118
194.0 -8.80642295 -8.46206732 -8.40058537 -8.17057482 -8.02034931
195.0 -8.80889410 -8.46211988 -8.40195717 -8.17173038 -8.01938927
196.0 -8.81130627 -8.46215790 -8.40327179 -8.17285108 -8.01848030
197.0 -8.81366006 -8.46218182 -8.40453000 -8.17393747 -8.01760808
198.0 -8.81595610 -8.46219207 -8.40573254 -8.17499009 -8.01676275
199.0 -8.81819499 -8.46218907 -8.40688015 -8.17600949 -8.01593739
200.0 -8.82037738 -8.46217326 -8.40797354 -8.17699618 -8.01512703
