# Time Pop_0 Pop_1 Pop_2 Pop_3 Pop_4
0.0 0.000000 1.000000 0.000000 0.000000 0.000000
1.0 0.000000 1.000000 0.000000 0.000000 0.000000
2.0 0.000000 0.999999 0.000000 0.000000 0.000000
3.0 0.000001 0.999994 0.000000 0.000001 0.000000
4.0 0.000004 0.999983 0.000001 0.000003 0.000000
5.0 0.000009 0.999960 0.000002 0.000008 0.000000
6.0 0.000019 0.999920 0.000004 0.000015 0.000000
7.0 0.000036 0.999855 0.000007 0.000026 0.000001
8.0 0.000061 0.999758 0.000012 0.000042 0.000001
9.0 0.000098 0.999619 0.000020 0.000063 0.000001
10.0 0.000151 0.999426 0.000030 0.000089 0.000002
11.0 0.000222 0.999171 0.000043 0.000120 0.000002
12.0 0.000316 0.998842 0.000061 0.000153 0.000003
13.0 0.000438 0.998433 0.000083 0.000189 0.000003
14.0 0.000593 0.997930 0.000111 0.000225 0.000004
15.0 0.000787 0.997323 0.000144 0.000259 0.000005
16.0 0.001026 0.996594 0.000183 0.000288 0.000006
17.0 0.001318 0.995729 0.000229 0.000309 0.000008
18.0 0.001668 0.994717 0.000282 0.000322 0.000010
19.0 0.002087 0.993542 0.000342 0.000323 0.000012
20.0 0.002581 0.992189 0.000408 0.000312 0.000016
21.0 0.003161 0.990636 0.000482 0.000288 0.000020
22.0 0.003837 0.988873 0.000562 0.000253 0.000024
23.0 0.004618 0.986886 0.000648 0.000209 0.000029
24.0 0.005517 0.984661 0.000740 0.000160 0.000035
25.0 0.006546 0.982158 0.000836 0.000112 0.000041
26.0 0.007715 0.979345 0.000936 0.000072 0.000049
27.0 0.009039 0.976202 0.001039 0.000049 0.000057
28.0 0.010532 0.972709 0.001143 0.000054 0.000067
29.0 0.012209 0.968846 0.001248 0.000099 0.000079
30.0 0.014085 0.964570 0.001353 0.000196 0.000093
31.0 0.016178 0.959863 0.001456 0.000362 0.000111
32.0 0.018506 0.954696 0.001557 0.000610 0.000134
33.0 0.021087 0.949056 0.001655 0.000955 0.000161
34.0 0.023942 0.942891 0.001748 0.001415 0.000194
35.0 0.027089 0.936151 0.001835 0.002005 0.000234
36.0 0.030549 0.928807 0.001916 0.002741 0.000281
37.0 0.034346 0.920831 0.001990 0.003637 0.000337
38.0 0.038507 0.912212 0.002058 0.004705 0.000402
39.0 0.043057 0.902913 0.002117 0.005959 0.000477
40.0 0.048022 0.892921 0.002170 0.007409 0.000563
41.0 0.053430 0.882189 0.002215 0.009064 0.000661
42.0 0.059310 0.870710 0.002253 0.010931 0.000772
43.0 0.065691 0.858451 0.002284 0.013015 0.000898
44.0 0.072603 0.845372 0.002309 0.015322 0.001041
45.0 0.080072 0.831449 0.002327 0.017854 0.001203
46.0 0.088126 0.816644 0.002339 0.020614 0.001385
47.0 0.096797 0.800958 0.002346 0.023599 0.001587
48.0 0.106113 0.784380 0.002349 0.026803 0.001811
49.0 0.116103 0.766932 0.002349 0.030217 0.002054
50.0 0.126787 0.748578 0.002346 0.033838 0.002316
51.0 0.138179 0.729313 0.002340 0.037657 0.002594
52.0 0.150296 0.709155 0.002332 0.041664 0.002885
53.0 0.163149 0.688110 0.002321 0.045843 0.003186
54.0 0.176745 0.666215 0.002306 0.050185 0.003497
55.0 0.191058 0.643460 0.002288 0.054680 0.003816
56.0 0.206064 0.619881 0.002265 0.059320 0.004145
57.0 0.221734 0.595530 0.002237 0.064084 0.004483
58.0 0.238037 0.570500 0.002201 0.068949 0.004827
59.0 0.254921 0.544875 0.002154 0.073896 0.005181
60.0 0.272297 0.518719 0.002096 0.078911 0.005546
61.0 0.290076 0.492161 0.002023 0.083977 0.005930
62.0 0.308154 0.465320 0.001935 0.089055 0.006349
63.0 0.326440 0.438349 0.001832 0.094077 0.006849
64.0 0.344796 0.411379 0.001729 0.098807 0.007633
65.0 0.363070 0.384545 0.001700 0.099924 0.011937
66.0 0.381110 0.358002 0.002404 0.004011 0.112498
67.0 0.398773 0.331907 0.007580 0.000062 0.116567
68.0 0.415949 0.306433 0.007862 0.000163 0.121411
69.0 0.432475 0.281695 0.008205 0.000082 0.126304
70.0 0.448225 0.257830 0.008553 0.000058 0.131065
71.0 0.463079 0.234956 0.008897 0.000235 0.135554
72.0 0.476951 0.213167 0.009236 0.000758 0.139616
73.0 0.489805 0.192543 0.009574 0.001779 0.143082
74.0 0.501568 0.173124 0.009913 0.003437 0.145808
75.0 0.512217 0.154945 0.010253 0.005817 0.147709
76.0 0.521727 0.138014 0.010597 0.008919 0.148791
77.0 0.530115 0.122326 0.010948 0.012656 0.149147
78.0 0.537411 0.107848 0.011315 0.016865 0.148945
79.0 0.543618 0.094529 0.011700 0.021348 0.148378
80.0 0.548792 0.082327 0.012105 0.025925 0.147640
81.0 0.552956 0.071185 0.012522 0.030445 0.146879
82.0 0.556173 0.061044 0.012954 0.034807 0.146198
83.0 0.558505 0.051840 0.013408 0.038944 0.145662
84.0 0.559983 0.043499 0.013896 0.042828 0.145301
85.0 0.560691 0.035959 0.014424 0.046455 0.145130
86.0 0.560668 0.029161 0.014993 0.049831 0.145141
87.0 0.559993 0.023047 0.015605 0.052968 0.145314
88.0 0.558699 0.017561 0.016265 0.055877 0.145618
89.0 0.556817 0.012666 0.016967 0.058571 0.146009
90.0 0.554415 0.008356 0.017678 0.061068 0.146454
91.0 0.551504 0.004693 0.018295 0.063372 0.146915
92.0 0.548140 0.001866 0.018601 0.065483 0.147363
93.0 0.544340 0.000239 0.018210 0.067397 0.147753
94.0 0.540110 0.000228 0.016686 0.069102 0.148016
95.0 0.535499 0.001854 0.013996 0.070589 0.148047
96.0 0.530504 0.004501 0.010741 0.071829 0.147665
97.0 0.525138 0.007439 0.007647 0.072787 0.146470
98.0 0.519370 0.010301 0.005087 0.073414 0.143293
99.0 0.513161 0.013046 0.003133 0.073641 0.132700
100.0 0.506493 0.015776 0.001727 0.073400 0.061889
101.0 0.499298 0.018639 0.000790 0.072588 0.000200
102.0 0.491506 0.021808 0.000250 0.071113 0.006661
103.0 0.482961 0.025480 0.000049 0.068868 0.013152
104.0 0.473438 0.029904 0.000141 0.065758 0.019608
105.0 0.462676 0.035413 0.000489 0.061739 0.026506
106.0 0.450238 0.042459 0.001065 0.056840 0.034009
107.0 0.435516 0.051693 0.001848 0.051216 0.042075
108.0 0.417602 0.064044 0.002816 0.045140 0.050465
109.0 0.395218 0.080780 0.003950 0.038943 0.058871
110.0 0.366813 0.103492 0.005237 0.032962 0.066985
111.0 0.330899 0.133674 0.006661 0.027458 0.074561
112.0 0.287148 0.171663 0.008212 0.022595 0.081438
113.0 0.237903 0.215114 0.009878 0.018430 0.087562
114.0 0.188482 0.258694 0.011644 0.014937 0.092945
115.0 0.144714 0.296600 0.013503 0.012053 0.097653
116.0 0.109792 0.325649 0.015447 0.009696 0.101764
117.0 0.083742 0.345826 0.017469 0.007781 0.105370
118.0 0.064926 0.358775 0.019562 0.006230 0.108559
119.0 0.051443 0.366373 0.021712 0.004972 0.111377
120.0 0.041724 0.370202 0.023914 0.003952 0.113888
121.0 0.034629 0.371423 0.026159 0.003126 0.116143
122.0 0.029370 0.370835 0.028440 0.002456 0.118167
123.0 0.025410 0.369001 0.030754 0.001914 0.120010
124.0 0.022384 0.366280 0.033087 0.001472 0.121657
125.0 0.020042 0.362918 0.035436 0.001109 0.123121
126.0 0.018212 0.359107 0.037805 0.000807 0.124429
127.0 0.016775 0.354973 0.040191 0.000552 0.125605
128.0 0.015645 0.350614 0.042599 0.000333 0.126663
129.0 0.014758 0.346091 0.045016 0.000146 0.127595
130.0 0.014065 0.341460 0.047397 0.000015 0.128396
131.0 0.013527 0.336779 0.049553 0.000127 0.129068
132.0 0.013112 0.332088 0.049531 0.002422 0.129595
133.0 0.012797 0.327433 0.024903 0.029328 0.129991
134.0 0.012564 0.322828 0.006163 0.050347 0.130222
135.0 0.012405 0.318270 0.003032 0.055749 0.130228
136.0 0.012308 0.313781 0.002043 0.059005 0.129914
137.0 0.012268 0.309361 0.001595 0.061712 0.128955
138.0 0.012275 0.305019 0.001356 0.064208 0.126302
139.0 0.012320 0.300769 0.001221 0.066597 0.115190
140.0 0.012399 0.296599 0.001147 0.068911 0.021732
141.0 0.012510 0.292517 0.001115 0.071168 0.000589
142.0 0.012650 0.288542 0.001114 0.073374 0.002604
143.0 0.012820 0.284676 0.001138 0.075538 0.003808
144.0 0.013014 0.280918 0.001183 0.077670 0.004577
145.0 0.013230 0.277257 0.001244 0.079764 0.005128
146.0 0.013465 0.273685 0.001322 0.081815 0.005569
147.0 0.013719 0.270204 0.001417 0.083818 0.005947
148.0 0.013990 0.266826 0.001532 0.085767 0.006286
149.0 0.014278 0.263552 0.001668 0.087665 0.006598
150.0 0.014579 0.260375 0.001825 0.089507 0.006909
151.0 0.014889 0.257288 0.002002 0.091283 0.007209
152.0 0.015207 0.254291 0.002200 0.092986 0.007521
153.0 0.015532 0.251379 0.002417 0.094595 0.007853
154.0 0.015862 0.248552 0.002655 0.096096 0.008227
155.0 0.016193 0.245808 0.002913 0.097455 0.008677
156.0 0.016527 0.243135 0.003194 0.098595 0.009274
157.0 0.016861 0.240540 0.003500 0.099334 0.010207
158.0 0.017200 0.238026 0.003834 0.098874 0.012251
159.0 0.017543 0.235587 0.004201 0.088300 0.024323
160.0 0.017890 0.233225 0.004600 0.001807 0.112235
161.0 0.018242 0.230929 0.005029 0.005611 0.109767
162.0 0.018600 0.228688 0.005489 0.006949 0.109694
163.0 0.018966 0.226503 0.005980 0.007702 0.110109
164.0 0.019340 0.224370 0.006503 0.008235 0.110647
165.0 0.019719 0.222286 0.007062 0.008664 0.111195
166.0 0.020099 0.220252 0.007657 0.009039 0.111683
167.0 0.020473 0.218270 0.008290 0.009380 0.112089
168.0 0.020839 0.216344 0.008961 0.009701 0.112395
169.0 0.021196 0.214481 0.009674 0.010004 0.112579
170.0 0.021549 0.212685 0.010432 0.010293 0.112605
171.0 0.021903 0.210950 0.011236 0.010566 0.112473
172.0 0.022261 0.209267 0.012083 0.010829 0.112161
173.0 0.022624 0.207619 0.012968 0.011084 0.111647
174.0 0.022994 0.205999 0.013894 0.011333 0.110890
175.0 0.023368 0.204403 0.014864 0.011578 0.109846
176.0 0.023746 0.202834 0.015887 0.011818 0.108473
177.0 0.024123 0.201291 0.016968 0.012054 0.106697
178.0 0.024495 0.199767 0.018110 0.012287 0.104441
179.0 0.024860 0.198263 0.019312 0.012517 0.101596
180.0 0.025219 0.196772 0.020574 0.012745 0.098058
181.0 0.025577 0.195286 0.021899 0.012972 0.093658
182.0 0.025939 0.193802 0.023287 0.013196 0.088137
183.0 0.026308 0.192301 0.024739 0.013416 0.081287
184.0 0.026681 0.190774 0.026257 0.013632 0.072686
185.0 0.027052 0.189224 0.027839 0.013843 0.062182
186.0 0.027418 0.187646 0.029492 0.014053 0.049597
187.0 0.027775 0.186042 0.031219 0.014264 0.035236
188.0 0.028122 0.184410 0.033023 0.014479 0.020649
189.0 0.028459 0.182739 0.034904 0.014695 0.008483
190.0 0.028787 0.181027 0.036861 0.014913 0.001499
191.0 0.029105 0.179276 0.038891 0.015130 0.000467
192.0 0.029415 0.177482 0.040998 0.015344 0.003842
193.0 0.029720 0.175639 0.043188 0.015556 0.009363
194.0 0.030016 0.173735 0.045465 0.015765 0.015352
195.0 0.030306 0.171767 0.047833 0.015972 0.021002
196.0 0.030588 0.169731 0.050293 0.016178 0.025977
197.0 0.030863 0.167636 0.052845 0.016383 0.030196
198.0 0.031135 0.165479 0.055491 0.016588 0.033727
199.0 0.031407 0.163255 0.058232 0.016794 0.036651
200.0 0.031676 0.160969 0.061062 0.017001 0.039053
