#Time Kinetic_e Potential_e Total_e Norm
0.0 0.00000000 -7.62081421 -7.62081421 1.0000000000000002
1.0 0.00008762 -7.62089669 -7.62080907 0.9999999999999992
2.0 0.00035029 -7.62114392 -7.62079363 1.0000000000000016
3.0 0.00078741 -7.62155530 -7.62076789 0.9999999999999993
4.0 0.00139800 -7.62212982 -7.62073182 1.0000000000000004
5.0 0.00218068 -7.62286607 -7.62068539 0.9999999999999999
6.0 0.00313372 -7.62376229 -7.62062857 1.0000000000000024
7.0 0.00425497 -7.62481628 -7.62056131 1.0000000000000024
8.0 0.00554198 -7.62602554 -7.62048356 1.000000000000001
9.0 0.00699192 -7.62738717 -7.62039525 1.0000000000000016
10.0 0.00860164 -7.62889792 -7.62029628 1.0000000000000042
11.0 0.01036769 -7.63055425 -7.62018656 1.0000000000000024
12.0 0.01228631 -7.63235237 -7.62006606 1.0000000000000004
13.0 0.01435352 -7.63428820 -7.61993468 0.9999999999999989
14.0 0.01656502 -7.63635728 -7.61979227 0.9999999999999987
15.0 0.01891633 -7.63855496 -7.61963862 0.9999999999999971
16.0 0.02140279 -7.64087641 -7.61947362 0.9999999999999979
17.0 0.02401949 -7.64331658 -7.61929709 0.9999999999999996
18.0 0.02676140 -7.64587025 -7.61910884 0.9999999999999996
19.0 0.02962337 -7.64853206 -7.61890869 1.000000000000002
20.0 0.03260008 -7.65129653 -7.61869645 1.000000000000004
21.0 0.03568620 -7.65415816 -7.61847196 1.0000000000000038
22.0 0.03887623 -7.65711115 -7.61823492 1.0000000000000042
23.0 0.04216469 -7.66014968 -7.61798499 1.000000000000006
24.0 0.04554604 -7.66326798 -7.61772194 1.0000000000000056
25.0 0.04901478 -7.66646038 -7.61744560 1.000000000000004
26.0 0.05256534 -7.66972102 -7.61715568 1.0000000000000038
27.0 0.05619219 -7.67304407 -7.61685188 1.000000000000004
28.0 0.05988992 -7.67642380 -7.61653388 0.9999999999999993
29.0 0.06365314 -7.67985451 -7.61620137 1.0
30.0 0.06747653 -7.68333056 -7.61585403 0.9999999999999998
31.0 0.07135487 -7.68684636 -7.61549148 0.999999999999999
32.0 0.07528300 -7.69039646 -7.61511345 0.9999999999999986
33.0 0.07925594 -7.69397564 -7.61471970 0.999999999999995
34.0 0.08326886 -7.69757883 -7.61430998 0.9999999999999953
35.0 0.08731691 -7.70120081 -7.61388390 0.999999999999994
36.0 0.09139551 -7.70483663 -7.61344112 0.9999999999999918
37.0 0.09550016 -7.70848153 -7.61298137 0.9999999999999911
38.0 0.09962658 -7.71213103 -7.61250444 0.9999999999999901
39.0 0.10377056 -7.71578060 -7.61201004 0.9999999999999897
40.0 0.10792812 -7.71942608 -7.61149796 0.9999999999999878
41.0 0.11209547 -7.72306345 -7.61096798 0.9999999999999895
42.0 0.11626892 -7.72668884 -7.61041992 0.9999999999999878
43.0 0.12044502 -7.73029854 -7.60985352 0.9999999999999857
44.0 0.12462046 -7.73388899 -7.60926853 0.9999999999999832
45.0 0.12879203 -7.73745685 -7.60866482 0.9999999999999849
46.0 0.13295687 -7.74099924 -7.60804237 0.9999999999999866
47.0 0.13711211 -7.74451318 -7.60740107 0.9999999999999858
48.0 0.14125506 -7.74799582 -7.60674076 0.9999999999999869
49.0 0.14538328 -7.75144466 -7.60606138 0.9999999999999861
50.0 0.14949438 -7.75485730 -7.60536293 0.9999999999999849
51.0 0.15358617 -7.75823155 -7.60464537 0.9999999999999882
52.0 0.15765656 -7.76156526 -7.60390870 0.9999999999999879
53.0 0.16170365 -7.76485660 -7.60315295 0.9999999999999885
54.0 0.16572574 -7.76810403 -7.60237829 0.9999999999999878
55.0 0.16972118 -7.77130605 -7.60158487 0.9999999999999866
56.0 0.17368850 -7.77446126 -7.60077276 0.999999999999987
57.0 0.17762622 -7.77756826 -7.59994203 0.9999999999999889
58.0 0.18153302 -7.78062588 -7.59909285 0.9999999999999867
59.0 0.18540789 -7.78363345 -7.59822556 0.9999999999999885
60.0 0.18924965 -7.78659005 -7.59734040 0.9999999999999906
61.0 0.19305732 -7.78949489 -7.59643757 0.9999999999999936
62.0 0.19683006 -7.79234741 -7.59551735 0.9999999999999942
63.0 0.20056704 -7.79514717 -7.59458013 0.9999999999999964
64.0 0.20426757 -7.79789385 -7.59362628 0.9999999999999972
65.0 0.20793104 -7.80058717 -7.59265612 0.9999999999999952
66.0 0.21155678 -7.80322671 -7.59166993 0.9999999999999949
67.0 0.21514438 -7.80581252 -7.59066814 0.9999999999999979
68.0 0.21869347 -7.80834481 -7.58965133 0.9999999999999951
69.0 0.22220378 -7.81082377 -7.58861999 0.9999999999999946
70.0 0.22567490 -7.81324936 -7.58757446 0.999999999999995
71.0 0.22910654 -7.81562164 -7.58651511 0.9999999999999961
72.0 0.23249856 -7.81794101 -7.58544244 0.9999999999999931
73.0 0.23585082 -7.82020790 -7.58435708 0.9999999999999946
74.0 0.23916329 -7.82242282 -7.58325953 0.9999999999999958
75.0 0.24243596 -7.82458618 -7.58215022 0.9999999999999989
76.0 0.24566873 -7.82669835 -7.58102962 0.9999999999999982
77.0 0.24886183 -7.82876014 -7.57989831 1.0000000000000002
78.0 0.25201528 -7.83077221 -7.57875693 1.0000000000000009
79.0 0.25512920 -7.83273512 -7.57760592 0.9999999999999997
80.0 0.25820366 -7.83464933 -7.57644567 0.9999999999999993
81.0 0.26123877 -7.83651545 -7.57527668 1.0000000000000029
82.0 0.26423485 -7.83833440 -7.57409956 1.0000000000000038
83.0 0.26719210 -7.84010704 -7.57291494 1.0000000000000018
84.0 0.27011081 -7.84183415 -7.57172334 0.999999999999999
85.0 0.27299121 -7.84351637 -7.57052516 0.9999999999999979
86.0 0.27583346 -7.84515432 -7.56932086 0.9999999999999981
87.0 0.27863801 -7.84674903 -7.56811103 0.999999999999997
88.0 0.28140512 -7.84830137 -7.56689626 0.9999999999999957
89.0 0.28413506 -7.84981204 -7.56567698 0.9999999999999948
90.0 0.28682824 -7.85128185 -7.56445361 0.9999999999999939
91.0 0.28948492 -7.85271152 -7.56322660 0.9999999999999937
92.0 0.29210550 -7.85410198 -7.56199649 0.999999999999995
93.0 0.29469039 -7.85545421 -7.56076382 0.9999999999999963
94.0 0.29723981 -7.85676882 -7.55952901 0.9999999999999969
95.0 0.29975410 -7.85804645 -7.55829235 0.9999999999999976
96.0 0.30223354 -7.85928780 -7.55705426 0.9999999999999962
97.0 0.30467854 -7.86049375 -7.55581521 0.9999999999999971
98.0 0.30708952 -7.86166523 -7.55457572 0.9999999999999986
99.0 0.30946683 -7.86280301 -7.55333618 0.9999999999999958
100.0 0.31181093 -7.86390785 -7.55209692 0.9999999999999954
101.0 0.31412214 -7.86498041 -7.55085827 0.9999999999999951
102.0 0.31640087 -7.86602150 -7.54962063 0.9999999999999956
103.0 0.31864756 -7.86703194 -7.54838438 0.9999999999999956
104.0 0.32086246 -7.86801228 -7.54714982 0.9999999999999962
105.0 0.32304597 -7.86896314 -7.54591716 0.9999999999999951
106.0 0.32519848 -7.86988514 -7.54468667 0.9999999999999972
107.0 0.32732033 -7.87077899 -7.54345865 0.9999999999999994
108.0 0.32941206 -7.87164552 -7.54223346 0.9999999999999999
109.0 0.33147405 -7.87248540 -7.54101135 1.000000000000001
110.0 0.33350671 -7.87329924 -7.53979253 0.999999999999999
111.0 0.33551047 -7.87408769 -7.53857722 0.9999999999999971
112.0 0.33748575 -7.87485145 -7.53736570 0.9999999999999992
113.0 0.33943299 -7.87559122 -7.53615823 0.9999999999999977
114.0 0.34135255 -7.87630758 -7.53495502 0.999999999999999
115.0 0.34324484 -7.87700106 -7.53375622 0.9999999999999976
116.0 0.34511025 -7.87767222 -7.53256197 0.9999999999999978
117.0 0.34694915 -7.87832162 -7.53137246 1.0
118.0 0.34876204 -7.87894995 -7.53018791 1.0000000000000013
119.0 0.35054933 -7.87955780 -7.52900847 1.0000000000000022
120.0 0.35231138 -7.88014566 -7.52783428 1.0000000000000009
121.0 0.35404868 -7.88071415 -7.52666547 1.000000000000002
122.0 0.35576161 -7.88126378 -7.52550217 1.0000000000000004
123.0 0.35745057 -7.88179513 -7.52434456 1.0000000000000004
124.0 0.35911605 -7.88230882 -7.52319277 1.0000000000000004
125.0 0.36075838 -7.88280528 -7.52204690 1.0000000000000004
126.0 0.36237800 -7.88328505 -7.52090705 1.0000000000000013
127.0 0.36397532 -7.88374866 -7.51977334 1.000000000000001
128.0 0.36555071 -7.88419662 -7.51864592 1.0000000000000004
129.0 0.36710455 -7.88462939 -7.51752483 1.0000000000000013
130.0 0.36863714 -7.88504725 -7.51641011 1.0000000000000029
131.0 0.37014886 -7.88545059 -7.51530173 1.0000000000000024
132.0 0.37164003 -7.88583980 -7.51419976 1.0000000000000029
133.0 0.37311107 -7.88621536 -7.51310429 1.0000000000000009
134.0 0.37456243 -7.88657782 -7.51201539 1.0000000000000022
135.0 0.37599445 -7.88692753 -7.51093308 1.0000000000000024
136.0 0.37740755 -7.88726488 -7.50985734 1.0000000000000033
137.0 0.37880213 -7.88759033 -7.50878820 1.0000000000000022
138.0 0.38017849 -7.88790420 -7.50772571 1.0000000000000033
139.0 0.38153701 -7.88820691 -7.50666990 1.000000000000003
140.0 0.38287799 -7.88849875 -7.50562076 1.000000000000002
141.0 0.38420163 -7.88877987 -7.50457824 1.000000000000002
142.0 0.38550826 -7.88905055 -7.50354229 1.0000000000000004
143.0 0.38679812 -7.88931107 -7.50251295 0.9999999999999991
144.0 0.38807148 -7.88956171 -7.50149024 0.9999999999999984
145.0 0.38932862 -7.88980273 -7.50047412 0.9999999999999968
146.0 0.39056979 -7.89003434 -7.49946455 0.9999999999999952
147.0 0.39179527 -7.89025675 -7.49846148 0.999999999999996
148.0 0.39300536 -7.89047030 -7.49746494 0.9999999999999991
149.0 0.39420037 -7.89067539 -7.49647502 0.9999999999999976
150.0 0.39538056 -7.89087230 -7.49549174 0.9999999999999976
151.0 0.39654617 -7.89106125 -7.49451508 0.9999999999999981
152.0 0.39769741 -7.89124239 -7.49354498 0.9999999999999974
153.0 0.39883445 -7.89141589 -7.49258145 0.9999999999999964
154.0 0.39995748 -7.89158199 -7.49162451 0.9999999999999937
155.0 0.40106671 -7.89174093 -7.49067423 0.9999999999999961
156.0 0.40216225 -7.89189282 -7.48973057 0.9999999999999938
157.0 0.40324424 -7.89203773 -7.48879349 0.9999999999999948
158.0 0.40431285 -7.89217577 -7.48786292 0.9999999999999907
159.0 0.40536824 -7.89230711 -7.48693888 0.9999999999999897
160.0 0.40641063 -7.89243203 -7.48602140 0.9999999999999898
161.0 0.40744027 -7.89255078 -7.48511051 0.9999999999999908
162.0 0.40845737 -7.89266356 -7.48420619 0.9999999999999918
163.0 0.40946219 -7.89277057 -7.48330839 0.9999999999999927
164.0 0.41045494 -7.89287203 -7.48241710 0.9999999999999906
165.0 0.41143587 -7.89296820 -7.48153233 0.9999999999999929
166.0 0.41240521 -7.89305929 -7.48065408 0.9999999999999929
167.0 0.41336313 -7.89314543 -7.47978230 0.9999999999999933
168.0 0.41430980 -7.89322670 -7.47891690 0.9999999999999918
169.0 0.41524540 -7.89330317 -7.47805776 0.9999999999999928
170.0 0.41617009 -7.89337495 -7.47720486 0.9999999999999939
171.0 0.41708409 -7.89344227 -7.47635817 0.9999999999999958
172.0 0.41798758 -7.89350525 -7.47551768 0.9999999999999984
173.0 0.41888070 -7.89356401 -7.47468331 0.9999999999999967
174.0 0.41976368 -7.89361867 -7.47385499 0.999999999999997
175.0 0.42063663 -7.89366926 -7.47303264 0.9999999999999956
176.0 0.42149973 -7.89371597 -7.47221623 0.9999999999999938
177.0 0.42235319 -7.89375897 -7.47140577 0.9999999999999926
178.0 0.42319709 -7.89379831 -7.47060122 0.9999999999999931
179.0 0.42403159 -7.89383411 -7.46980251 0.9999999999999922
180.0 0.42485680 -7.89386638 -7.46900958 0.9999999999999922
181.0 0.42567278 -7.89389518 -7.46822240 0.9999999999999919
182.0 0.42647968 -7.89392066 -7.46744098 0.9999999999999927
183.0 0.42727755 -7.89394288 -7.46666532 0.999999999999994
184.0 0.42806643 -7.89396185 -7.46589542 0.9999999999999942
185.0 0.42884639 -7.89397762 -7.46513123 0.9999999999999959
186.0 0.42961738 -7.89399009 -7.46437271 0.9999999999999946
187.0 0.43037946 -7.89399933 -7.46361987 0.9999999999999928
188.0 0.43113266 -7.89400539 -7.46287273 0.999999999999993
189.0 0.43187697 -7.89400827 -7.46213130 0.9999999999999927
190.0 0.43261244 -7.89400801 -7.46139557 0.9999999999999923
191.0 0.43333908 -7.89400460 -7.46066552 0.9999999999999936
192.0 0.43405692 -7.89399807 -7.45994116 0.9999999999999926
193.0 0.43476599 -7.89398847 -7.45922248 0.9999999999999927
194.0 0.43546634 -7.89397584 -7.45850950 0.9999999999999937
195.0 0.43615805 -7.89396026 -7.45780221 0.9999999999999919
196.0 0.43684112 -7.89394173 -7.45710061 0.9999999999999918
197.0 0.43751567 -7.89392033 -7.45640467 0.9999999999999913
198.0 0.43818176 -7.89389615 -7.45571438 0.9999999999999913
199.0 0.43883943 -7.89386918 -7.45502975 0.9999999999999929
200.0 0.43948882 -7.89383955 -7.45435073 0.9999999999999913
