#Time E_0 E_1 E_2 E_3 E_4
0.0 -7.73550144 -7.62081421 -7.49483190 -7.44321748 -7.19573677
1.0 -7.73550416 -7.62081405 -7.49483176 -7.44321694 -7.19576984
2.0 -7.73551277 -7.62081411 -7.49483190 -7.44321585 -7.19586957
3.0 -7.73552868 -7.62081591 -7.49483392 -7.44321579 -7.19603746
4.0 -7.73555420 -7.62082202 -7.49484051 -7.44321936 -7.19627603
5.0 -7.73559255 -7.62083600 -7.49485542 -7.44323020 -7.19658877
6.0 -7.73564785 -7.62086239 -7.49488342 -7.44325295 -7.19698016
7.0 -7.73572509 -7.62090670 -7.49493029 -7.44329325 -7.19745558
8.0 -7.73583012 -7.62097538 -7.49500281 -7.44335766 -7.19802131
9.0 -7.73596959 -7.62107574 -7.49510868 -7.44345368 -7.19868452
10.0 -7.73615095 -7.62121601 -7.49525651 -7.44358968 -7.19945317
11.0 -7.73638239 -7.62140518 -7.49545579 -7.44377486 -7.20033598
12.0 -7.73667280 -7.62165304 -7.49571680 -7.44401921 -7.20134239
13.0 -7.73703175 -7.62197010 -7.49605058 -7.44433345 -7.20248249
14.0 -7.73746943 -7.62236751 -7.49646887 -7.44472897 -7.20376698
15.0 -7.73799656 -7.62285704 -7.49698405 -7.44521779 -7.20520704
16.0 -7.73862441 -7.62345102 -7.49760907 -7.44581246 -7.20681436
17.0 -7.73936469 -7.62416223 -7.49835741 -7.44652604 -7.20860097
18.0 -7.74022950 -7.62500387 -7.49924296 -7.44737200 -7.21057925
19.0 -7.74123129 -7.62598950 -7.50027998 -7.44836414 -7.21276179
20.0 -7.74238279 -7.62713294 -7.50148303 -7.44951656 -7.21516138
21.0 -7.74369691 -7.62844822 -7.50286688 -7.45084353 -7.21779086
22.0 -7.74518675 -7.62994949 -7.50444644 -7.45235947 -7.22066313
23.0 -7.74686544 -7.63165094 -7.50623667 -7.45407883 -7.22379098
24.0 -7.74874618 -7.63356677 -7.50825253 -7.45601603 -7.22718710
25.0 -7.75084205 -7.63571106 -7.51050885 -7.45818538 -7.23086393
26.0 -7.75316606 -7.63809771 -7.51302030 -7.46060099 -7.23483365
27.0 -7.75573099 -7.64074038 -7.51580128 -7.46327672 -7.23910808
28.0 -7.75854938 -7.64365241 -7.51886584 -7.46622606 -7.24369858
29.0 -7.76163342 -7.64684672 -7.52222763 -7.46946211 -7.24861602
30.0 -7.76499491 -7.65033579 -7.52589978 -7.47299744 -7.25387072
31.0 -7.76864517 -7.65413152 -7.52989485 -7.47684406 -7.25947234
32.0 -7.77259502 -7.65824523 -7.53422475 -7.48101333 -7.26542983
33.0 -7.77685464 -7.66268752 -7.53890067 -7.48551589 -7.27175142
34.0 -7.78143357 -7.66746829 -7.54393299 -7.49036161 -7.27844449
35.0 -7.78634063 -7.67259659 -7.54933126 -7.49555950 -7.28551556
36.0 -7.79158385 -7.67808062 -7.55510407 -7.50111766 -7.29297022
37.0 -7.79717042 -7.68392767 -7.56125903 -7.50704322 -7.30081311
38.0 -7.80310664 -7.69014404 -7.56780271 -7.51334231 -7.30904785
39.0 -7.80939788 -7.69673501 -7.57474059 -7.52001998 -7.31767701
40.0 -7.81604851 -7.70370480 -7.58207700 -7.52708015 -7.32670206
41.0 -7.82306187 -7.71105653 -7.58981506 -7.53452561 -7.33612340
42.0 -7.83044027 -7.71879220 -7.59795671 -7.54235797 -7.34594025
43.0 -7.83818488 -7.72691264 -7.60650261 -7.55057763 -7.35615072
44.0 -7.84629578 -7.73541751 -7.61545215 -7.55918377 -7.36675171
45.0 -7.85477191 -7.74430527 -7.62480343 -7.56817430 -7.37773900
46.0 -7.86361103 -7.75357319 -7.63455324 -7.57754594 -7.38910715
47.0 -7.87280978 -7.76321735 -7.64469706 -7.58729412 -7.40084958
48.0 -7.88236360 -7.77323262 -7.65522908 -7.59741306 -7.41295855
49.0 -7.89226679 -7.78361268 -7.66614220 -7.60789576 -7.42542519
50.0 -7.90251250 -7.79435007 -7.67742805 -7.61873403 -7.43823949
51.0 -7.91309277 -7.80543617 -7.68907700 -7.62991850 -7.45139040
52.0 -7.92399853 -7.81686126 -7.70107824 -7.64143871 -7.46486579
53.0 -7.93521962 -7.82861455 -7.71341978 -7.65328308 -7.47865254
54.0 -7.94674490 -7.84068423 -7.72608852 -7.66543905 -7.49273658
55.0 -7.95856223 -7.85305750 -7.73907032 -7.67789305 -7.50710296
56.0 -7.97065854 -7.86572067 -7.75235002 -7.69063065 -7.52173586
57.0 -7.98301990 -7.87865915 -7.76591157 -7.70363656 -7.53661872
58.0 -7.99563156 -7.89185758 -7.77973805 -7.71689474 -7.55173427
59.0 -8.00847806 -7.90529987 -7.79381178 -7.73038847 -7.56706458
60.0 -8.02154325 -7.91896928 -7.80811440 -7.74410043 -7.58259121
61.0 -8.03481040 -7.93284850 -7.82262696 -7.75801278 -7.59829522
62.0 -8.04826228 -7.94691970 -7.83732998 -7.77210726 -7.61415729
63.0 -8.06188121 -7.96116466 -7.85220362 -7.78636528 -7.63015777
64.0 -8.07564918 -7.97556481 -7.86722767 -7.80076798 -7.64627682
65.0 -8.08954793 -7.99010134 -7.88238172 -7.81529635 -7.66249443
66.0 -8.10355900 -8.00475527 -7.89764526 -7.82993129 -7.67879054
67.0 -8.11766384 -8.01950752 -7.91299768 -7.84465373 -7.69514511
68.0 -8.13184390 -8.03433904 -7.92841850 -7.85944467 -7.71153822
69.0 -8.14608070 -8.04923083 -7.94388732 -7.87428529 -7.72795011
70.0 -8.16035589 -8.06416407 -7.95938403 -7.88915702 -7.74436132
71.0 -8.17465135 -8.07912014 -7.97488878 -7.90404162 -7.76075269
72.0 -8.18894926 -8.09408074 -7.99038213 -7.91892120 -7.77710547
73.0 -8.20323215 -8.10902795 -8.00584509 -7.93377838 -7.79340137
74.0 -8.21748298 -8.12394425 -8.02125921 -7.94859622 -7.80962265
75.0 -8.23168519 -8.13881264 -8.03660661 -7.96335842 -7.82575213
76.0 -8.24582275 -8.15361666 -8.05187007 -7.97804922 -7.84177328
77.0 -8.25988022 -8.16834046 -8.06703304 -7.99265357 -7.85767026
78.0 -8.27384278 -8.18296880 -8.08207972 -8.00715708 -7.87342792
79.0 -8.28769628 -8.19748716 -8.09699507 -8.02154610 -7.88903190
80.0 -8.30142727 -8.21188169 -8.11176487 -8.03580772 -7.90446862
81.0 -8.31502300 -8.22613930 -8.12637568 -8.04992979 -7.91972529
82.0 -8.32847147 -8.24024767 -8.14081494 -8.06390097 -7.93478998
83.0 -8.34176144 -8.25419525 -8.15507094 -8.07771071 -7.94965160
84.0 -8.35488245 -8.26797127 -8.16913282 -8.09134924 -7.96429992
85.0 -8.36782479 -8.28156579 -8.18299059 -8.10480765 -7.97872560
86.0 -8.38057955 -8.29496964 -8.19663511 -8.11807780 -7.99292016
87.0 -8.39313858 -8.30817447 -8.21005812 -8.13115237 -8.00687601
88.0 -8.40549450 -8.32117271 -8.22325217 -8.14402482 -8.02058643
89.0 -8.41764068 -8.33395759 -8.23621066 -8.15668941 -8.03404563
90.0 -8.42957126 -8.34652310 -8.24892778 -8.16914118 -8.04724868
91.0 -8.44128108 -8.35886398 -8.26139853 -8.18137592 -8.06019159
92.0 -8.45276570 -8.37097571 -8.27361864 -8.19339016 -8.07287130
93.0 -8.46402137 -8.38285450 -8.28558461 -8.20518115 -8.08528576
94.0 -8.47504499 -8.39449722 -8.29729361 -8.21674686 -8.09743399
95.0 -8.48583410 -8.40590141 -8.30874352 -8.22808594 -8.10931624
96.0 -8.49638688 -8.41706526 -8.31993284 -8.23919768 -8.12093422
97.0 -8.50670205 -8.42798756 -8.33086068 -8.25008206 -8.13229156
98.0 -8.51677891 -8.43866765 -8.34152675 -8.26073963 -8.14339455
99.0 -8.52661730 -8.44910546 -8.35193130 -8.27117159 -8.15425360
100.0 -8.53621752 -8.45930141 -8.36207508 -8.28137970 -8.16488601
101.0 -8.54558037 -8.46925641 -8.37195933 -8.29136631 -8.17532158
102.0 -8.55470708 -8.47897182 -8.38158573 -8.30113430 -8.18561472
103.0 -8.56359928 -8.48844944 -8.39095639 -8.31068711 -8.19586992
104.0 -8.57225900 -8.49769143 -8.40007378 -8.32002868 -8.20628550
105.0 -8.58068859 -8.50670035 -8.40894074 -8.32916349 -8.21715918
106.0 -8.58889074 -8.51547906 -8.41756040 -8.33809649 -8.22867178
107.0 -8.59686844 -8.52403073 -8.42593621 -8.34683315 -8.24064029
108.0 -8.60462494 -8.53235881 -8.43407186 -8.35537942 -8.25274151
109.0 -8.61216373 -8.54046702 -8.44197128 -8.36374170 -8.26475629
110.0 -8.61948855 -8.54835926 -8.44963863 -8.37192690 -8.27657135
111.0 -8.62660330 -8.55603965 -8.45707823 -8.37994235 -8.28813015
112.0 -8.63351207 -8.56351250 -8.46429455 -8.38779582 -8.29940339
113.0 -8.64021910 -8.57078225 -8.47129223 -8.39549550 -8.31037521
114.0 -8.64672876 -8.57785346 -8.47807599 -8.40304993 -8.32103669
115.0 -8.65304553 -8.58473082 -8.48465068 -8.41046801 -8.33138276
116.0 -8.65917400 -8.59141911 -8.49102121 -8.41775884 -8.34141058
117.0 -8.66511882 -8.59792316 -8.49719253 -8.42493174 -8.35111871
118.0 -8.67088470 -8.60424787 -8.50316968 -8.43199603 -8.36050669
119.0 -8.67647642 -8.61039818 -8.50895769 -8.43896097 -8.36957484
120.0 -8.68189876 -8.61637904 -8.51456162 -8.44583554 -8.37832420
121.0 -8.68715656 -8.62219543 -8.51998652 -8.45262828 -8.38675657
122.0 -8.69225463 -8.62785232 -8.52523747 -8.45934710 -8.39487457
123.0 -8.69719779 -8.63335464 -8.53031947 -8.46599909 -8.40268178
124.0 -8.70199087 -8.63870734 -8.53523754 -8.47259033 -8.41018285
125.0 -8.70663866 -8.64391529 -8.53999665 -8.47912576 -8.41738353
126.0 -8.71114591 -8.64898334 -8.54460170 -8.48560915 -8.42429075
127.0 -8.71551734 -8.65391630 -8.54905756 -8.49204302 -8.43091261
128.0 -8.71975765 -8.65871888 -8.55336906 -8.49842873 -8.43725826
129.0 -8.72387145 -8.66339575 -8.55754091 -8.50476659 -8.44333778
130.0 -8.72786333 -8.66795151 -8.56157782 -8.51105602 -8.44916199
131.0 -8.73173780 -8.67239067 -8.56548438 -8.51729574 -8.45474224
132.0 -8.73549931 -8.67671765 -8.56926512 -8.52348401 -8.46009018
133.0 -8.73915225 -8.68093679 -8.57292450 -8.52961877 -8.46521755
134.0 -8.74270092 -8.68505236 -8.57646692 -8.53569788 -8.47013598
135.0 -8.74614956 -8.68906849 -8.57989667 -8.54171924 -8.47485684
136.0 -8.74950235 -8.69298925 -8.58321799 -8.54768091 -8.47939110
137.0 -8.75276337 -8.69681860 -8.58643507 -8.55358119 -8.48374921
138.0 -8.75593663 -8.70056039 -8.58955200 -8.55941870 -8.48794110
139.0 -8.75902606 -8.70421838 -8.59257286 -8.56519232 -8.49197607
140.0 -8.76203551 -8.70779621 -8.59550169 -8.57090126 -8.49586285
141.0 -8.76496875 -8.71129743 -8.59834256 -8.57654497 -8.49960955
142.0 -8.76782947 -8.71472547 -8.60109961 -8.58212304 -8.50322366
143.0 -8.77062127 -8.71808365 -8.60377726 -8.58763503 -8.50671216
144.0 -8.77334768 -8.72137520 -8.60638056 -8.59308008 -8.51008145
145.0 -8.77601216 -8.72460323 -8.60891610 -8.59845593 -8.51333742
146.0 -8.77861806 -8.72777075 -8.61139514 -8.60375578 -8.51648551
147.0 -8.78116867 -8.73088064 -8.61384697 -8.60895492 -8.51953070
148.0 -8.78366721 -8.73393571 -8.61641791 -8.61391168 -8.52247753
149.0 -8.78611681 -8.73693864 -8.62004350 -8.61769523 -8.52533020
150.0 -8.78852053 -8.73989200 -8.62484632 -8.62018771 -8.52809250
151.0 -8.79088135 -8.74279827 -8.62981433 -8.62240589 -8.53076791
152.0 -8.79320218 -8.74565984 -8.63477622 -8.62452580 -8.53335959
153.0 -8.79548586 -8.74847895 -8.63970416 -8.62657997 -8.53587039
154.0 -8.79773516 -8.75125779 -8.64459129 -8.62857990 -8.53830289
155.0 -8.79995277 -8.75399842 -8.64943598 -8.63053182 -8.54065942
156.0 -8.80214131 -8.75670282 -8.65423839 -8.63244008 -8.54294204
157.0 -8.80430334 -8.75937285 -8.65899942 -8.63430822 -8.54515262
158.0 -8.80644136 -8.76201030 -8.66372026 -8.63613940 -8.54729277
159.0 -8.80855777 -8.76461686 -8.66840228 -8.63793652 -8.54936392
160.0 -8.81065494 -8.76719412 -8.67304687 -8.63970234 -8.55136731
161.0 -8.81273516 -8.76974359 -8.67765545 -8.64143949 -8.55330400
162.0 -8.81480065 -8.77226670 -8.68222939 -8.64315051 -8.55517487
163.0 -8.81685357 -8.77476480 -8.68677004 -8.64483788 -8.55698065
164.0 -8.81889602 -8.77723913 -8.69127867 -8.64650400 -8.55872194
165.0 -8.82093003 -8.77969090 -8.69575651 -8.64815120 -8.56039920
166.0 -8.82295757 -8.78212122 -8.70020469 -8.64978175 -8.56201274
167.0 -8.82498054 -8.78453114 -8.70462427 -8.65139784 -8.56356280
168.0 -8.82700078 -8.78692163 -8.70901623 -8.65300162 -8.56504951
169.0 -8.82902004 -8.78929362 -8.71338146 -8.65459513 -8.56647289
170.0 -8.83104005 -8.79164798 -8.71772075 -8.65618036 -8.56783290
171.0 -8.83306243 -8.79398552 -8.72203480 -8.65775923 -8.56912945
172.0 -8.83508874 -8.79630702 -8.72632423 -8.65933355 -8.57036238
173.0 -8.83712048 -8.79861320 -8.73058953 -8.66090506 -8.57153149
174.0 -8.83915907 -8.80090477 -8.73483111 -8.66247539 -8.57263656
175.0 -8.84120587 -8.80318239 -8.73904927 -8.66404611 -8.57367733
176.0 -8.84326214 -8.80544671 -8.74324419 -8.66561864 -8.57465358
177.0 -8.84532908 -8.80769837 -8.74741598 -8.66719434 -8.57556503
178.0 -8.84740783 -8.80993800 -8.75156458 -8.66877442 -8.57641147
179.0 -8.84949942 -8.81216623 -8.75568984 -8.67036001 -8.57719268
180.0 -8.85160483 -8.81438368 -8.75979151 -8.67195211 -8.57790848
181.0 -8.85372495 -8.81659102 -8.76386917 -8.67355160 -8.57855872
182.0 -8.85586058 -8.81878893 -8.76792230 -8.67515925 -8.57914331
183.0 -8.85801248 -8.82097811 -8.77195024 -8.67677571 -8.57966219
184.0 -8.86018129 -8.82315932 -8.77595216 -8.67840151 -8.58011538
185.0 -8.86236761 -8.82533339 -8.77992711 -8.68003708 -8.58050294
186.0 -8.86457194 -8.82750118 -8.78387394 -8.68168271 -8.58082499
187.0 -8.86679472 -8.82966366 -8.78779136 -8.68333860 -8.58108174
188.0 -8.86903634 -8.83182189 -8.79167787 -8.68500483 -8.58127344
189.0 -8.87129708 -8.83397704 -8.79553177 -8.68668138 -8.58140042
190.0 -8.87357720 -8.83613041 -8.79935115 -8.68836814 -8.58146308
191.0 -8.87587687 -8.83828345 -8.80313386 -8.69006489 -8.58146189
192.0 -8.87819621 -8.84043778 -8.80687748 -8.69177133 -8.58139740
193.0 -8.88053530 -8.84259522 -8.81057931 -8.69348708 -8.58127020
194.0 -8.88289415 -8.84475781 -8.81423637 -8.69521167 -8.58108099
195.0 -8.88527273 -8.84692785 -8.81784532 -8.69694458 -8.58083052
196.0 -8.88767095 -8.84910786 -8.82140253 -8.69868519 -8.58051961
197.0 -8.89008868 -8.85130068 -8.82490397 -8.70043286 -8.58014918
198.0 -8.89252576 -8.85350938 -8.82834533 -8.70218686 -8.57972019
199.0 -8.89498194 -8.85573727 -8.83172196 -8.70394643 -8.57923372
200.0 -8.89745698 -8.85798786 -8.83502901 -8.70571075 -8.57869091
