# Time Pop_0 Pop_1 Pop_2 Pop_3 Pop_4
0.0 0.000000 1.000000 0.000000 0.000000 0.000000
1.0 0.000000 1.000000 0.000000 0.000000 0.000000
2.0 0.000000 1.000000 0.000000 0.000000 0.000000
3.0 0.000000 0.999999 0.000000 0.000000 0.000000
4.0 0.000000 0.999995 0.000000 0.000000 0.000000
5.0 0.000000 0.999988 0.000000 0.000001 0.000000
6.0 0.000000 0.999975 0.000000 0.000001 0.000001
7.0 0.000000 0.999954 0.000000 0.000002 0.000001
8.0 0.000000 0.999922 0.000000 0.000004 0.000002
9.0 0.000000 0.999875 0.000000 0.000007 0.000004
10.0 0.000001 0.999809 0.000001 0.000011 0.000007
11.0 0.000001 0.999720 0.000001 0.000016 0.000010
12.0 0.000001 0.999603 0.000001 0.000024 0.000014
13.0 0.000002 0.999454 0.000002 0.000034 0.000020
14.0 0.000003 0.999268 0.000003 0.000047 0.000027
15.0 0.000004 0.999039 0.000004 0.000063 0.000035
16.0 0.000006 0.998762 0.000006 0.000083 0.000044
17.0 0.000008 0.998431 0.000008 0.000108 0.000055
18.0 0.000011 0.998038 0.000010 0.000137 0.000068
19.0 0.000014 0.997579 0.000013 0.000172 0.000083
20.0 0.000018 0.997047 0.000017 0.000211 0.000099
21.0 0.000024 0.996437 0.000021 0.000256 0.000119
22.0 0.000030 0.995746 0.000026 0.000305 0.000141
23.0 0.000038 0.994967 0.000031 0.000359 0.000166
24.0 0.000046 0.994091 0.000037 0.000417 0.000194
25.0 0.000057 0.993116 0.000044 0.000479 0.000226
26.0 0.000069 0.992038 0.000051 0.000543 0.000260
27.0 0.000083 0.990854 0.000059 0.000608 0.000298
28.0 0.000098 0.989561 0.000067 0.000674 0.000338
29.0 0.000115 0.988158 0.000076 0.000738 0.000381
30.0 0.000135 0.986641 0.000085 0.000800 0.000425
31.0 0.000156 0.985007 0.000094 0.000858 0.000472
32.0 0.000179 0.983252 0.000102 0.000910 0.000521
33.0 0.000205 0.981373 0.000111 0.000956 0.000573
34.0 0.000232 0.979373 0.000119 0.000994 0.000627
35.0 0.000260 0.977256 0.000127 0.001023 0.000683
36.0 0.000291 0.975017 0.000133 0.001042 0.000744
37.0 0.000323 0.972653 0.000139 0.001051 0.000807
38.0 0.000356 0.970167 0.000144 0.001049 0.000874
39.0 0.000390 0.967555 0.000148 0.001036 0.000943
40.0 0.000425 0.964817 0.000150 0.001012 0.001014
41.0 0.000460 0.961960 0.000151 0.000978 0.001087
42.0 0.000495 0.958984 0.000151 0.000935 0.001161
43.0 0.000531 0.955893 0.000149 0.000882 0.001234
44.0 0.000566 0.952689 0.000147 0.000823 0.001307
45.0 0.000601 0.949364 0.000143 0.000757 0.001380
46.0 0.000635 0.945921 0.000138 0.000686 0.001452
47.0 0.000668 0.942370 0.000133 0.000613 0.001524
48.0 0.000700 0.938712 0.000127 0.000537 0.001596
49.0 0.000730 0.934946 0.000120 0.000461 0.001668
50.0 0.000760 0.931078 0.000114 0.000387 0.001742
51.0 0.000787 0.927111 0.000109 0.000316 0.001817
52.0 0.000814 0.923041 0.000104 0.000249 0.001892
53.0 0.000839 0.918875 0.000101 0.000188 0.001967
54.0 0.000862 0.914614 0.000099 0.000134 0.002041
55.0 0.000885 0.910269 0.000100 0.000089 0.002113
56.0 0.000907 0.905849 0.000103 0.000053 0.002182
57.0 0.000928 0.901364 0.000110 0.000028 0.002248
58.0 0.000948 0.896804 0.000120 0.000014 0.002310
59.0 0.000968 0.892173 0.000134 0.000014 0.002368
60.0 0.000989 0.887485 0.000153 0.000029 0.002424
61.0 0.001010 0.882737 0.000176 0.000058 0.002477
62.0 0.001032 0.877934 0.000205 0.000105 0.002529
63.0 0.001056 0.873083 0.000239 0.000169 0.002581
64.0 0.001082 0.868185 0.000279 0.000253 0.002632
65.0 0.001110 0.863245 0.000324 0.000358 0.002683
66.0 0.001142 0.858271 0.000375 0.000485 0.002733
67.0 0.001176 0.853258 0.000433 0.000634 0.002781
68.0 0.001215 0.848208 0.000496 0.000808 0.002825
69.0 0.001259 0.843143 0.000565 0.001008 0.002866
70.0 0.001307 0.838063 0.000639 0.001234 0.002903
71.0 0.001361 0.832972 0.000719 0.001486 0.002936
72.0 0.001421 0.827875 0.000804 0.001766 0.002964
73.0 0.001488 0.822764 0.000894 0.002073 0.002989
74.0 0.001560 0.817649 0.000988 0.002406 0.003011
75.0 0.001640 0.812534 0.001086 0.002766 0.003031
76.0 0.001726 0.807423 0.001188 0.003150 0.003051
77.0 0.001819 0.802318 0.001293 0.003559 0.003069
78.0 0.001919 0.797225 0.001399 0.003988 0.003087
79.0 0.002027 0.792165 0.001508 0.004438 0.003104
80.0 0.002141 0.787130 0.001619 0.004904 0.003119
81.0 0.002262 0.782126 0.001730 0.005384 0.003131
82.0 0.002390 0.777162 0.001843 0.005877 0.003138
83.0 0.002524 0.772235 0.001955 0.006378 0.003140
84.0 0.002664 0.767359 0.002067 0.006885 0.003138
85.0 0.002811 0.762544 0.002179 0.007395 0.003131
86.0 0.002962 0.757783 0.002291 0.007904 0.003120
87.0 0.003119 0.753077 0.002402 0.008410 0.003106
88.0 0.003280 0.748439 0.002513 0.008911 0.003089
89.0 0.003445 0.743862 0.002623 0.009404 0.003071
90.0 0.003614 0.739346 0.002732 0.009887 0.003053
91.0 0.003786 0.734902 0.002841 0.010360 0.003033
92.0 0.003962 0.730522 0.002949 0.010820 0.003012
93.0 0.004139 0.726211 0.003058 0.011265 0.002990
94.0 0.004320 0.721983 0.003167 0.011698 0.002965
95.0 0.004502 0.717827 0.003277 0.012117 0.002938
96.0 0.004687 0.713738 0.003388 0.012523 0.002907
97.0 0.004874 0.709716 0.003501 0.012917 0.002871
98.0 0.005062 0.705755 0.003616 0.013299 0.002830
99.0 0.005251 0.701853 0.003733 0.013668 0.002782
100.0 0.005442 0.698012 0.003853 0.014027 0.002725
101.0 0.005636 0.694225 0.003976 0.014376 0.002654
102.0 0.005833 0.690488 0.004102 0.014715 0.002551
103.0 0.006033 0.686800 0.004232 0.015045 0.002380
104.0 0.006237 0.683166 0.004366 0.015366 0.002065
105.0 0.006445 0.679574 0.004504 0.015677 0.001543
106.0 0.006660 0.676020 0.004645 0.015978 0.000951
107.0 0.006880 0.672505 0.004790 0.016268 0.000508
108.0 0.007108 0.669018 0.004940 0.016543 0.000244
109.0 0.007343 0.665563 0.005092 0.016803 0.000098
110.0 0.007589 0.662146 0.005249 0.017044 0.000027
111.0 0.007846 0.658752 0.005409 0.017261 0.000008
112.0 0.008116 0.655381 0.005571 0.017452 0.000032
113.0 0.008400 0.652040 0.005737 0.017612 0.000095
114.0 0.008700 0.648725 0.005904 0.017734 0.000197
115.0 0.009016 0.645430 0.006073 0.017815 0.000338
116.0 0.009351 0.642166 0.006244 0.017848 0.000521
117.0 0.009706 0.638914 0.006414 0.017829 0.000749
118.0 0.010084 0.635676 0.006585 0.017753 0.001024
119.0 0.010485 0.632464 0.006754 0.017614 0.001348
120.0 0.010910 0.629264 0.006922 0.017409 0.001724
121.0 0.011362 0.626074 0.007089 0.017138 0.002151
122.0 0.011842 0.622897 0.007254 0.016801 0.002630
123.0 0.012352 0.619722 0.007419 0.016399 0.003159
124.0 0.012892 0.616549 0.007581 0.015936 0.003732
125.0 0.013464 0.613387 0.007742 0.015417 0.004346
126.0 0.014070 0.610224 0.007900 0.014851 0.004992
127.0 0.014711 0.607055 0.008056 0.014245 0.005662
128.0 0.015388 0.603886 0.008211 0.013610 0.006348
129.0 0.016103 0.600708 0.008364 0.012957 0.007042
130.0 0.016856 0.597519 0.008516 0.012293 0.007735
131.0 0.017648 0.594316 0.008669 0.011631 0.008420
132.0 0.018481 0.591084 0.008822 0.010976 0.009089
133.0 0.019356 0.587817 0.008975 0.010337 0.009739
134.0 0.020274 0.584515 0.009131 0.009718 0.010365
135.0 0.021234 0.581175 0.009289 0.009124 0.010963
136.0 0.022238 0.577792 0.009449 0.008558 0.011534
137.0 0.023288 0.574362 0.009613 0.008023 0.012077
138.0 0.024384 0.570885 0.009780 0.007522 0.012590
139.0 0.025529 0.567353 0.009951 0.007056 0.013075
140.0 0.026725 0.563772 0.010124 0.006629 0.013529
141.0 0.027975 0.560145 0.010297 0.006243 0.013954
142.0 0.029278 0.556458 0.010464 0.005904 0.014350
143.0 0.030638 0.552710 0.010613 0.005622 0.014717
144.0 0.032058 0.548903 0.010727 0.005418 0.015055
145.0 0.033538 0.545029 0.010756 0.005337 0.015363
146.0 0.035080 0.541089 0.010584 0.005496 0.015641
147.0 0.036688 0.537083 0.009808 0.006297 0.015890
148.0 0.038362 0.532997 0.006408 0.009758 0.016106
149.0 0.040107 0.528828 0.000072 0.016191 0.016292
150.0 0.041928 0.524588 0.000554 0.015843 0.016445
151.0 0.043829 0.520266 0.000957 0.015608 0.016564
152.0 0.045814 0.515867 0.001074 0.015692 0.016650
153.0 0.047889 0.511393 0.001065 0.015935 0.016701
154.0 0.050056 0.506832 0.000997 0.016267 0.016718
155.0 0.052321 0.502187 0.000900 0.016658 0.016701
156.0 0.054691 0.497464 0.000790 0.017089 0.016652
157.0 0.057166 0.492647 0.000676 0.017552 0.016571
158.0 0.059751 0.487732 0.000562 0.018039 0.016461
159.0 0.062453 0.482712 0.000452 0.018547 0.016323
160.0 0.065270 0.477574 0.000351 0.019070 0.016157
161.0 0.068210 0.472311 0.000258 0.019605 0.015966
162.0 0.071280 0.466925 0.000178 0.020151 0.015753
163.0 0.074477 0.461403 0.000111 0.020706 0.015519
164.0 0.077806 0.455736 0.000060 0.021266 0.015268
165.0 0.081271 0.449929 0.000027 0.021834 0.015003
166.0 0.084871 0.443973 0.000014 0.022404 0.014726
167.0 0.088610 0.437865 0.000023 0.022979 0.014441
168.0 0.092492 0.431612 0.000057 0.023557 0.014149
169.0 0.096513 0.425199 0.000119 0.024138 0.013850
170.0 0.100674 0.418621 0.000213 0.024721 0.013548
171.0 0.104972 0.411879 0.000341 0.025308 0.013241
172.0 0.109403 0.404963 0.000509 0.025899 0.012931
173.0 0.113962 0.397875 0.000720 0.026496 0.012620
174.0 0.118647 0.390622 0.000979 0.027100 0.012306
175.0 0.123445 0.383193 0.001291 0.027711 0.011991
176.0 0.128348 0.375595 0.001664 0.028328 0.011674
177.0 0.133349 0.367837 0.002105 0.028954 0.011354
178.0 0.138434 0.359917 0.002620 0.029586 0.011031
179.0 0.143596 0.351848 0.003219 0.030225 0.010704
180.0 0.148827 0.343632 0.003912 0.030872 0.010372
181.0 0.154108 0.335265 0.004708 0.031525 0.010036
182.0 0.159426 0.326758 0.005621 0.032184 0.009695
183.0 0.164768 0.318110 0.006665 0.032849 0.009349
184.0 0.170116 0.309329 0.007854 0.033519 0.009000
185.0 0.175457 0.300414 0.009207 0.034192 0.008648
186.0 0.180777 0.291363 0.010743 0.034866 0.008294
187.0 0.186051 0.282172 0.012487 0.035537 0.007938
188.0 0.191265 0.272833 0.014464 0.036203 0.007583
189.0 0.196401 0.263343 0.016702 0.036861 0.007230
190.0 0.201440 0.253687 0.019233 0.037509 0.006882
191.0 0.206365 0.243843 0.022093 0.038145 0.006540
192.0 0.211158 0.233794 0.025319 0.038770 0.006207
193.0 0.215799 0.223512 0.028954 0.039379 0.005886
194.0 0.220265 0.212972 0.033041 0.039969 0.005578
195.0 0.224544 0.202153 0.037629 0.040539 0.005285
196.0 0.228614 0.191021 0.042764 0.041085 0.005010
197.0 0.232456 0.179551 0.048488 0.041606 0.004754
198.0 0.236060 0.167727 0.054837 0.042103 0.004518
199.0 0.239400 0.155539 0.061831 0.042574 0.004305
200.0 0.242463 0.143005 0.069473 0.043022 0.004115
