#Time Kinetic_e Potential_e Total_e Norm
0.0 0.00000000 -7.62166357 -7.62166357 1.0000000000000002
1.0 0.00007984 -7.62173282 -7.62165298 0.9999988993389974
2.0 0.00031916 -7.62196155 -7.62164239 0.9999977988581715
3.0 0.00071736 -7.62234916 -7.62163181 0.9999966987361399
4.0 0.00127348 -7.62289471 -7.62162123 0.9999955991508304
5.0 0.00198617 -7.62359683 -7.62161066 0.9999945002791373
6.0 0.00285372 -7.62445382 -7.62160010 0.9999934022965923
7.0 0.00387401 -7.62546357 -7.62158956 0.9999923053770472
8.0 0.00504466 -7.62662368 -7.62157902 0.9999912096923339
9.0 0.00636286 -7.62793137 -7.62156851 0.9999901154119696
10.0 0.00782549 -7.62938350 -7.62155801 0.999989022702875
11.0 0.00942913 -7.63097666 -7.62154753 0.999987931729082
12.0 0.01117014 -7.63270721 -7.62153707 0.9999868426514426
13.0 0.01304459 -7.63457122 -7.62152663 0.9999857556273696
14.0 0.01504818 -7.63656441 -7.62151622 0.9999846708106384
15.0 0.01717643 -7.63868227 -7.62150584 0.9999835883511917
16.0 0.01942467 -7.64092016 -7.62149549 0.999982508394899
17.0 0.02178805 -7.64327321 -7.62148516 0.9999814310833738
18.0 0.02426149 -7.64573636 -7.62147487 0.9999803565538256
19.0 0.02683983 -7.64830444 -7.62146460 0.9999792849389121
20.0 0.02951778 -7.65097215 -7.62145438 0.9999782163665945
21.0 0.03228998 -7.65373417 -7.62144418 0.9999771509600244
22.0 0.03515087 -7.65658490 -7.62143403 0.9999760888374852
23.0 0.03809480 -7.65951871 -7.62142391 0.9999750301123602
24.0 0.04111620 -7.66253004 -7.62141383 0.999973974893052
25.0 0.04420959 -7.66561338 -7.62140379 0.9999729232828773
26.0 0.04736931 -7.66876310 -7.62139380 0.9999718753800898
27.0 0.05058970 -7.67197354 -7.62138384 0.9999708312779143
28.0 0.05386523 -7.67523916 -7.62137393 0.9999697910645481
29.0 0.05719040 -7.67855446 -7.62136406 0.9999687548231663
30.0 0.06055974 -7.68191397 -7.62135424 0.9999677226319835
31.0 0.06396783 -7.68531229 -7.62134446 0.9999666945643111
32.0 0.06740941 -7.68874414 -7.62133473 0.9999656706886234
33.0 0.07087946 -7.69220451 -7.62132505 0.9999646510685782
34.0 0.07437304 -7.69568845 -7.62131541 0.9999636357630832
35.0 0.07788511 -7.69919093 -7.62130582 0.9999626248264571
36.0 0.08141087 -7.70270716 -7.62129628 0.9999616183085627
37.0 0.08494576 -7.70623256 -7.62128679 0.999960616254863
38.0 0.08848543 -7.70976278 -7.62127735 0.9999596187064986
39.0 0.09202556 -7.71329352 -7.62126797 0.9999586257004212
40.0 0.09556209 -7.71682072 -7.62125863 0.9999576372695278
41.0 0.09909119 -7.72034053 -7.62124934 0.9999566534427526
42.0 0.10260914 -7.72384924 -7.62124010 0.9999556742451994
43.0 0.10611232 -7.72734323 -7.62123091 0.9999546996982974
44.0 0.10959733 -7.73081911 -7.62122178 0.9999537298199468
45.0 0.11306100 -7.73427369 -7.62121269 0.9999527646246349
46.0 0.11650050 -7.73770416 -7.62120366 0.9999518041235019
47.0 0.11991303 -7.74110770 -7.62119468 0.999950848324481
48.0 0.12329584 -7.74448159 -7.62118575 0.9999498972324977
49.0 0.12664652 -7.74782339 -7.62117687 0.9999489508495946
50.0 0.12996282 -7.75113087 -7.62116804 0.9999480091750127
51.0 0.13324262 -7.75440189 -7.62115927 0.9999470722053464
52.0 0.13648389 -7.75763443 -7.62115054 0.9999461399346804
53.0 0.13968490 -7.76082677 -7.62114187 0.9999452123547091
54.0 0.14284416 -7.76397741 -7.62113325 0.999944289454792
55.0 0.14596031 -7.76708499 -7.62112467 0.9999433712220708
56.0 0.14903194 -7.77014809 -7.62111615 0.9999424576416317
57.0 0.15205771 -7.77316540 -7.62110768 0.9999415486966831
58.0 0.15503662 -7.77613588 -7.62109926 0.9999406443686325
59.0 0.15796796 -7.77905885 -7.62109089 0.9999397446371069
60.0 0.16085091 -7.78193348 -7.62108257 0.9999388494800715
61.0 0.16368472 -7.78475902 -7.62107430 0.9999379588739987
62.0 0.16646884 -7.78753491 -7.62106607 0.9999370727939587
63.0 0.16920294 -7.79026084 -7.62105790 0.999936191213656
64.0 0.17188670 -7.79293647 -7.62104977 0.9999353141055265
65.0 0.17451980 -7.79556150 -7.62104170 0.9999344414408622
66.0 0.17710196 -7.79813563 -7.62103367 0.9999335731899295
67.0 0.17963323 -7.80065891 -7.62102568 0.9999327093220007
68.0 0.18211387 -7.80313162 -7.62101775 0.9999318498053449
69.0 0.18454403 -7.80555388 -7.62100986 0.9999309946073217
70.0 0.18692364 -7.80792565 -7.62100201 0.9999301436945616
71.0 0.18925280 -7.81024701 -7.62099421 0.9999292970330692
72.0 0.19153190 -7.81251836 -7.62098646 0.9999284545882111
73.0 0.19376142 -7.81474017 -7.62097875 0.9999276163247206
74.0 0.19594178 -7.81691287 -7.62097109 0.9999267822067769
75.0 0.19807334 -7.81903681 -7.62096347 0.999925952198107
76.0 0.20015654 -7.82111243 -7.62095589 0.9999251262620524
77.0 0.20219211 -7.82314047 -7.62094836 0.9999243043615598
78.0 0.20418072 -7.82512159 -7.62094087 0.9999234864591919
79.0 0.20612284 -7.82705626 -7.62093342 0.9999226725172586
80.0 0.20801893 -7.82894495 -7.62092602 0.9999218624979078
81.0 0.20986970 -7.83078836 -7.62091865 0.9999210563631217
82.0 0.21167604 -7.83258737 -7.62091133 0.999920254074689
83.0 0.21343877 -7.83434282 -7.62090405 0.9999194555942121
84.0 0.21515850 -7.83605531 -7.62089680 0.9999186608832258
85.0 0.21683578 -7.83772539 -7.62088960 0.9999178699032858
86.0 0.21847128 -7.83935372 -7.62088244 0.9999170826159971
87.0 0.22006590 -7.84094121 -7.62087531 0.9999162989829689
88.0 0.22162048 -7.84248871 -7.62086822 0.9999155189658092
89.0 0.22313567 -7.84399684 -7.62086118 0.9999147425262133
90.0 0.22461219 -7.84546635 -7.62085416 0.9999139696260092
91.0 0.22605086 -7.84689805 -7.62084719 0.9999132002271428
92.0 0.22745259 -7.84829284 -7.62084025 0.9999124342916706
93.0 0.22881818 -7.84965153 -7.62083335 0.9999116717817821
94.0 0.23014821 -7.85097469 -7.62082648 0.9999109126598825
95.0 0.23144323 -7.85226288 -7.62081965 0.9999101568886638
96.0 0.23270400 -7.85351686 -7.62081286 0.9999094044310809
97.0 0.23393141 -7.85473751 -7.62080610 0.9999086552502869
98.0 0.23512627 -7.85592564 -7.62079937 0.9999079093096449
99.0 0.23628925 -7.85708193 -7.62079268 0.9999071665727776
100.0 0.23742096 -7.85820698 -7.62078602 0.9999064270036165
101.0 0.23852209 -7.85930148 -7.62077939 0.9999056905664085
102.0 0.23959338 -7.86036618 -7.62077280 0.9999049572256873
103.0 0.24063558 -7.86140181 -7.62076623 0.9999042269462783
104.0 0.24164924 -7.86240895 -7.62075970 0.9999034996933324
105.0 0.24263494 -7.86338814 -7.62075320 0.9999027754323617
106.0 0.24359340 -7.86434013 -7.62074673 0.9999020541292166
107.0 0.24452532 -7.86526562 -7.62074030 0.9999013357500508
108.0 0.24543139 -7.86616528 -7.62073389 0.9999006202613392
109.0 0.24631215 -7.86703966 -7.62072751 0.9998999076299041
110.0 0.24716806 -7.86788923 -7.62072116 0.9998991978229596
111.0 0.24799972 -7.86871456 -7.62071484 0.9998984908081004
112.0 0.24880778 -7.86951634 -7.62070855 0.9998977865532603
113.0 0.24959288 -7.87029518 -7.62070229 0.9998970850266977
114.0 0.25035561 -7.87105166 -7.62069606 0.9998963861970143
115.0 0.25109649 -7.87178634 -7.62068985 0.9998956900331658
116.0 0.25181615 -7.87249982 -7.62068367 0.999894996504451
117.0 0.25251521 -7.87319273 -7.62067752 0.9998943055804944
118.0 0.25319423 -7.87386563 -7.62067140 0.9998936172312585
119.0 0.25385369 -7.87451899 -7.62066530 0.9998929314270567
120.0 0.25449394 -7.87515317 -7.62065923 0.9998922481386
121.0 0.25511547 -7.87576865 -7.62065318 0.9998915673369831
122.0 0.25571880 -7.87636596 -7.62064716 0.9998908889936475
123.0 0.25630442 -7.87694558 -7.62064116 0.999890213080375
124.0 0.25687283 -7.87750803 -7.62063519 0.9998895395692865
125.0 0.25742447 -7.87805372 -7.62062924 0.9998888684328456
126.0 0.25795980 -7.87858312 -7.62062332 0.9998881996438624
127.0 0.25847935 -7.87909677 -7.62061742 0.999887533175467
128.0 0.25898354 -7.87959509 -7.62061155 0.9998868690011118
129.0 0.25947278 -7.88007847 -7.62060570 0.9998862070945902
130.0 0.25994741 -7.88054728 -7.62059987 0.9998855474300455
131.0 0.26040787 -7.88100194 -7.62059407 0.9998848899819521
132.0 0.26085468 -7.88144296 -7.62058828 0.9998842347250879
133.0 0.26128825 -7.88187077 -7.62058252 0.9998835816345268
134.0 0.26170893 -7.88228571 -7.62057678 0.999882930685664
135.0 0.26211697 -7.88268804 -7.62057107 0.9998822818542439
136.0 0.26251260 -7.88307797 -7.62056537 0.999881635116374
137.0 0.26289619 -7.88345589 -7.62055970 0.9998809904484922
138.0 0.26326808 -7.88382212 -7.62055405 0.9998803478273434
139.0 0.26362858 -7.88417699 -7.62054841 0.9998797072299863
140.0 0.26397799 -7.88452079 -7.62054280 0.9998790686337903
141.0 0.26431657 -7.88485378 -7.62053721 0.999878432016436
142.0 0.26464467 -7.88517631 -7.62053164 0.999877797355905
143.0 0.26496265 -7.88548874 -7.62052609 0.9998771646304541
144.0 0.26527073 -7.88579129 -7.62052056 0.999876533818634
145.0 0.26556911 -7.88608416 -7.62051505 0.9998759048993064
146.0 0.26585796 -7.88636751 -7.62050955 0.9998752778516509
147.0 0.26613755 -7.88664163 -7.62050408 0.9998746526551479
148.0 0.26640822 -7.88690684 -7.62049862 0.9998740292895378
149.0 0.26667023 -7.88716342 -7.62049319 0.9998734077348198
150.0 0.26692381 -7.88741158 -7.62048777 0.9998727879712642
151.0 0.26716906 -7.88765142 -7.62048237 0.9998721699794382
152.0 0.26740615 -7.88788314 -7.62047698 0.9998715537402033
153.0 0.26763539 -7.88810700 -7.62047162 0.9998709392346801
154.0 0.26785694 -7.88832321 -7.62046627 0.9998703264442421
155.0 0.26807102 -7.88853196 -7.62046094 0.9998697153505255
156.0 0.26827772 -7.88873334 -7.62045563 0.9998691059354344
157.0 0.26847714 -7.88892748 -7.62045033 0.9998684981811536
158.0 0.26866959 -7.88911464 -7.62044505 0.9998678920701116
159.0 0.26885531 -7.88929509 -7.62043979 0.9998672875849446
160.0 0.26903451 -7.88946905 -7.62043454 0.9998666847085147
161.0 0.26920737 -7.88963668 -7.62042931 0.9998660834239061
162.0 0.26937397 -7.88979806 -7.62042409 0.9998654837144543
163.0 0.26953446 -7.88995336 -7.62041890 0.9998648855637347
164.0 0.26968908 -7.89010280 -7.62041371 0.9998642889555337
165.0 0.26983804 -7.89024659 -7.62040854 0.9998636938738401
166.0 0.26998153 -7.89038492 -7.62040339 0.9998631003028455
167.0 0.27011966 -7.89051791 -7.62039826 0.9998625082269514
168.0 0.27025256 -7.89064570 -7.62039313 0.9998619176307793
169.0 0.27038045 -7.89076848 -7.62038803 0.9998613284991477
170.0 0.27050347 -7.89088641 -7.62038293 0.9998607408170674
171.0 0.27062179 -7.89099964 -7.62037785 0.9998601545697489
172.0 0.27073543 -7.89110822 -7.62037279 0.9998595697426091
173.0 0.27084444 -7.89121218 -7.62036774 0.9998589863212953
174.0 0.27094897 -7.89131168 -7.62036270 0.9998584042916532
175.0 0.27104920 -7.89140688 -7.62035768 0.9998578236397048
176.0 0.27114535 -7.89149802 -7.62035267 0.999857244351632
177.0 0.27123759 -7.89158527 -7.62034768 0.9998566664137727
178.0 0.27132600 -7.89166870 -7.62034270 0.999856089812641
179.0 0.27141071 -7.89174844 -7.62033773 0.9998555145349312
180.0 0.27149187 -7.89182465 -7.62033278 0.9998549405675018
181.0 0.27156961 -7.89189744 -7.62032784 0.9998543678973757
182.0 0.27164403 -7.89196694 -7.62032291 0.9998537965117436
183.0 0.27171516 -7.89203315 -7.62031799 0.9998532263979729
184.0 0.27178301 -7.89209610 -7.62031309 0.9998526575436277
185.0 0.27184764 -7.89215583 -7.62030820 0.9998520899364582
186.0 0.27190909 -7.89221241 -7.62030332 0.9998515235643857
187.0 0.27196746 -7.89226592 -7.62029845 0.9998509584154996
188.0 0.27202277 -7.89231637 -7.62029360 0.9998503944780598
189.0 0.27207501 -7.89236376 -7.62028876 0.9998498317405035
190.0 0.27212419 -7.89240812 -7.62028393 0.9998492701914468
191.0 0.27217037 -7.89244949 -7.62027911 0.9998487098196692
192.0 0.27221365 -7.89248796 -7.62027431 0.9998481506140975
193.0 0.27225409 -7.89252360 -7.62026951 0.9998475925638022
194.0 0.27229177 -7.89255650 -7.62026473 0.9998470356579977
195.0 0.27232675 -7.89258671 -7.62025996 0.9998464798860349
196.0 0.27235910 -7.89261430 -7.62025520 0.9998459252374061
197.0 0.27238892 -7.89263936 -7.62025045 0.9998453717017307
198.0 0.27241625 -7.89266196 -7.62024571 0.9998448192687639
199.0 0.27244114 -7.89268212 -7.62024098 0.9998442679283933
200.0 0.27246362 -7.89269988 -7.62023626 0.99984371767065
