#Time E_0 E_1 E_2 E_3 E_4
0.0 -7.73033834 -7.61648030 -7.48937524 -7.44039952 -7.19133458
1.0 -7.73034021 -7.61647809 -7.48937611 -7.44039954 -7.19136294
2.0 -7.73034706 -7.61647087 -7.48937955 -7.44040003 -7.19146138
3.0 -7.73036018 -7.61645998 -7.48938706 -7.44040238 -7.19163165
4.0 -7.73038177 -7.61644775 -7.48940114 -7.44040896 -7.19187613
5.0 -7.73041491 -7.61643750 -7.48942537 -7.44042312 -7.19219819
6.0 -7.73046357 -7.61643346 -7.48946429 -7.44044916 -7.19260211
7.0 -7.73053255 -7.61644079 -7.48952346 -7.44049231 -7.19309312
8.0 -7.73062752 -7.61646553 -7.48960939 -7.44055870 -7.19367734
9.0 -7.73075495 -7.61651459 -7.48972952 -7.44065535 -7.19436170
10.0 -7.73092206 -7.61659570 -7.48989215 -7.44079008 -7.19515397
11.0 -7.73113682 -7.61671737 -7.49010645 -7.44097152 -7.19606263
12.0 -7.73140790 -7.61688882 -7.49038236 -7.44120904 -7.19709687
13.0 -7.73174462 -7.61712000 -7.49073054 -7.44151272 -7.19826652
14.0 -7.73215688 -7.61742145 -7.49116237 -7.44189325 -7.19958194
15.0 -7.73265516 -7.61780431 -7.49168981 -7.44236193 -7.20105404
16.0 -7.73325043 -7.61828022 -7.49232541 -7.44293055 -7.20269412
17.0 -7.73395411 -7.61886129 -7.49308217 -7.44361139 -7.20451387
18.0 -7.73477798 -7.61956002 -7.49397354 -7.44441708 -7.20652522
19.0 -7.73573418 -7.62038923 -7.49501330 -7.44536061 -7.20874035
20.0 -7.73683510 -7.62136198 -7.49621553 -7.44645518 -7.21117156
21.0 -7.73809333 -7.62249155 -7.49759449 -7.44771419 -7.21383120
22.0 -7.73952160 -7.62379132 -7.49916456 -7.44915113 -7.21673158
23.0 -7.74113272 -7.62527470 -7.50094020 -7.45077950 -7.21988494
24.0 -7.74293948 -7.62695509 -7.50293580 -7.45261277 -7.22330333
25.0 -7.74495465 -7.62884580 -7.50516568 -7.45466424 -7.22699854
26.0 -7.74719084 -7.63095995 -7.50764396 -7.45694703 -7.23098205
27.0 -7.74966048 -7.63331042 -7.51038449 -7.45947395 -7.23526493
28.0 -7.75237573 -7.63590978 -7.51340081 -7.46225745 -7.23985780
29.0 -7.75534844 -7.63877022 -7.51670601 -7.46530954 -7.24477072
30.0 -7.75859004 -7.64190348 -7.52031271 -7.46864170 -7.25001318
31.0 -7.76211155 -7.64532077 -7.52423298 -7.47226482 -7.25559398
32.0 -7.76592342 -7.64903276 -7.52847824 -7.47618912 -7.26152123
33.0 -7.77003554 -7.65304943 -7.53305923 -7.48042410 -7.26780225
34.0 -7.77445717 -7.65738009 -7.53798589 -7.48497844 -7.27444354
35.0 -7.77919686 -7.66203330 -7.54326735 -7.48985997 -7.28145073
36.0 -7.78426241 -7.66701682 -7.54891186 -7.49507560 -7.28882852
37.0 -7.78966082 -7.67233754 -7.55492669 -7.50063126 -7.29658067
38.0 -7.79539821 -7.67800148 -7.56131814 -7.50653186 -7.30470992
39.0 -7.80147983 -7.68401371 -7.56809144 -7.51278122 -7.31321803
40.0 -7.80790998 -7.69037837 -7.57525073 -7.51938207 -7.32210568
41.0 -7.81469197 -7.69709857 -7.58279902 -7.52633602 -7.33137248
42.0 -7.82182812 -7.70417644 -7.59073817 -7.53364348 -7.34101699
43.0 -7.82931967 -7.71161306 -7.59906882 -7.54130370 -7.35103664
44.0 -7.83716684 -7.71940849 -7.60779041 -7.54931474 -7.36142777
45.0 -7.84536875 -7.72756172 -7.61690115 -7.55767345 -7.37218564
46.0 -7.85392342 -7.73607070 -7.62639802 -7.56637552 -7.38330439
47.0 -7.86282779 -7.74493236 -7.63627675 -7.57541545 -7.39477712
48.0 -7.87207769 -7.75414256 -7.64653184 -7.58478660 -7.40659583
49.0 -7.88166786 -7.76369615 -7.65715659 -7.59448121 -7.41875151
50.0 -7.89159197 -7.77358701 -7.66814306 -7.60449045 -7.43123412
51.0 -7.90184260 -7.78380799 -7.67948216 -7.61480446 -7.44403267
52.0 -7.91241133 -7.79435103 -7.69116366 -7.62541240 -7.45713520
53.0 -7.92328871 -7.80520715 -7.70317622 -7.63630253 -7.47052890
54.0 -7.93446433 -7.81636647 -7.71550747 -7.64746230 -7.48420012
55.0 -7.94592688 -7.82781830 -7.72814403 -7.65887837 -7.49813442
56.0 -7.95766414 -7.83955112 -7.74107160 -7.67053676 -7.51231663
57.0 -7.96966310 -7.85155268 -7.75427497 -7.68242289 -7.52673095
58.0 -7.98190997 -7.86381001 -7.76773818 -7.69452170 -7.54136098
59.0 -7.99439027 -7.87630949 -7.78144453 -7.70681773 -7.55618979
60.0 -8.00708888 -7.88903689 -7.79537667 -7.71929522 -7.57120003
61.0 -8.01999014 -7.90197745 -7.80951670 -7.73193821 -7.58637397
62.0 -8.03307790 -7.91511591 -7.82384624 -7.74473064 -7.60169358
63.0 -8.04633558 -7.92843657 -7.83834653 -7.75765642 -7.61714061
64.0 -8.05974626 -7.94192337 -7.85299850 -7.77069953 -7.63269669
65.0 -8.07329278 -7.95555991 -7.86778285 -7.78384409 -7.64834333
66.0 -8.08695778 -7.96932956 -7.88268019 -7.79707445 -7.66406209
67.0 -8.10072379 -7.98321551 -7.89767105 -7.81037526 -7.67983459
68.0 -8.11457331 -7.99720081 -7.91273602 -7.82373152 -7.69564259
69.0 -8.12848889 -8.01126846 -7.92785582 -7.83712865 -7.71146807
70.0 -8.14245316 -8.02540148 -7.94301134 -7.85055249 -7.72729328
71.0 -8.15644894 -8.03958292 -7.95818377 -7.86398939 -7.74310078
72.0 -8.17045931 -8.05379600 -7.97335463 -7.87742621 -7.75887355
73.0 -8.18446763 -8.06802413 -7.98850584 -7.89085033 -7.77459499
74.0 -8.19845762 -8.08225098 -8.00361982 -7.90424970 -7.79024900
75.0 -8.21241344 -8.09646052 -8.01867948 -7.91761280 -7.80582000
76.0 -8.22631970 -8.11063712 -8.03366834 -7.93092866 -7.82129300
77.0 -8.24016150 -8.12476556 -8.04857050 -7.94418688 -7.83665357
78.0 -8.25392451 -8.13883108 -8.06337075 -7.95737754 -7.85188796
79.0 -8.26759498 -8.15281947 -8.07805456 -7.97049129 -7.86698303
80.0 -8.28115978 -8.16671704 -8.09260812 -7.98351923 -7.88192634
81.0 -8.29460640 -8.18051074 -8.10701837 -7.99645298 -7.89670613
82.0 -8.30792303 -8.19418813 -8.12127303 -8.00928460 -7.91131137
83.0 -8.32109852 -8.20773744 -8.13536060 -8.02200663 -7.92573171
84.0 -8.33412244 -8.22114757 -8.14927036 -8.03461200 -7.93995757
85.0 -8.34698506 -8.23440813 -8.16299239 -8.04709406 -7.95398003
86.0 -8.35967734 -8.24750943 -8.17651756 -8.05944656 -7.96779093
87.0 -8.37219099 -8.26044253 -8.18983756 -8.07166362 -7.98138281
88.0 -8.38451842 -8.27319918 -8.20294485 -8.08373974 -7.99474891
89.0 -8.39665274 -8.28577191 -8.21583265 -8.09566977 -8.00788318
90.0 -8.40858779 -8.29815393 -8.22849499 -8.10744892 -8.02078027
91.0 -8.42031808 -8.31033918 -8.24092660 -8.11907273 -8.03343546
92.0 -8.43183878 -8.32232231 -8.25312295 -8.13053708 -8.04584471
93.0 -8.44314575 -8.33409866 -8.26508023 -8.14183819 -8.05800463
94.0 -8.45423544 -8.34566421 -8.27679527 -8.15297257 -8.06991240
95.0 -8.46510496 -8.35701563 -8.28826558 -8.16393710 -8.08156584
96.0 -8.47575197 -8.36815018 -8.29948927 -8.17472894 -8.09296331
97.0 -8.48617473 -8.37906573 -8.31046504 -8.18534559 -8.10410374
98.0 -8.49637200 -8.38976074 -8.32119217 -8.19578485 -8.11498659
99.0 -8.50634307 -8.40023418 -8.33167044 -8.20604482 -8.12561181
100.0 -8.51608772 -8.41048555 -8.34190014 -8.21612390 -8.13597981
101.0 -8.52560614 -8.42051483 -8.35188201 -8.22602078 -8.14609148
102.0 -8.53489899 -8.43032243 -8.36161722 -8.23573446 -8.15594810
103.0 -8.54396729 -8.43990922 -8.37110733 -8.24526418 -8.16555137
104.0 -8.55281243 -8.44927641 -8.38035426 -8.25460948 -8.17490334
105.0 -8.56143613 -8.45842562 -8.38936030 -8.26377015 -8.18400643
106.0 -8.56984045 -8.46735875 -8.39812800 -8.27274625 -8.19286334
107.0 -8.57802769 -8.47607804 -8.40666021 -8.28153807 -8.20147709
108.0 -8.58600044 -8.48458598 -8.41496003 -8.29014613 -8.20985095
109.0 -8.59376150 -8.49288534 -8.42303076 -8.29857120 -8.21798844
110.0 -8.60131389 -8.50097907 -8.43087594 -8.30681424 -8.22589329
111.0 -8.60866083 -8.50887035 -8.43849926 -8.31487643 -8.23356941
112.0 -8.61580568 -8.51656253 -8.44590456 -8.32275913 -8.24102092
113.0 -8.62275198 -8.52405912 -8.45309585 -8.33046390 -8.24825206
114.0 -8.62950340 -8.53136378 -8.46007723 -8.33799248 -8.25526723
115.0 -8.63606371 -8.53848028 -8.46685293 -8.34534675 -8.26207091
116.0 -8.64243678 -8.54541250 -8.47342723 -8.35252877 -8.26866772
117.0 -8.64862659 -8.55216440 -8.47980452 -8.35954072 -8.27506232
118.0 -8.65463717 -8.55874002 -8.48598923 -8.36638492 -8.28125945
119.0 -8.66047261 -8.56514347 -8.49198584 -8.37306383 -8.28726392
120.0 -8.66613705 -8.57137890 -8.49779887 -8.37957998 -8.29308054
121.0 -8.67163467 -8.57745047 -8.50343283 -8.38593602 -8.29871416
122.0 -8.67696967 -8.58336241 -8.50889230 -8.39213470 -8.30416964
123.0 -8.68214627 -8.58911893 -8.51418181 -8.39817882 -8.30945185
124.0 -8.68716867 -8.59472426 -8.51930592 -8.40407126 -8.31456562
125.0 -8.69204111 -8.60018260 -8.52426915 -8.40981495 -8.31951579
126.0 -8.69676777 -8.60549815 -8.52907602 -8.41541286 -8.32430714
127.0 -8.70135285 -8.61067509 -8.53373101 -8.42086799 -8.32894442
128.0 -8.70580048 -8.61571756 -8.53823857 -8.42618337 -8.33343234
129.0 -8.71011480 -8.62062965 -8.54260309 -8.43136203 -8.33777554
130.0 -8.71429986 -8.62541544 -8.54682894 -8.43640701 -8.34197862
131.0 -8.71835971 -8.63007891 -8.55092043 -8.44132133 -8.34604609
132.0 -8.72229832 -8.63462401 -8.55488180 -8.44610801 -8.34998239
133.0 -8.72611960 -8.63905464 -8.55871726 -8.45077003 -8.35379191
134.0 -8.72982743 -8.64337461 -8.56243093 -8.45531034 -8.35747892
135.0 -8.73342559 -8.64758766 -8.56602689 -8.45973186 -8.36104763
136.0 -8.73691783 -8.65169748 -8.56950914 -8.46403745 -8.36450216
137.0 -8.74030779 -8.65570767 -8.57288163 -8.46822993 -8.36784653
138.0 -8.74359906 -8.65962175 -8.57614823 -8.47231203 -8.37108470
139.0 -8.74679517 -8.66344316 -8.57931275 -8.47628645 -8.37422050
140.0 -8.74989956 -8.66717526 -8.58237892 -8.48015581 -8.37725768
141.0 -8.75291560 -8.67082133 -8.58535042 -8.48392265 -8.38019992
142.0 -8.75584657 -8.67438457 -8.58823086 -8.48758942 -8.38305077
143.0 -8.75869569 -8.67786810 -8.59102379 -8.49115852 -8.38581372
144.0 -8.76146611 -8.68127493 -8.59373269 -8.49463225 -8.38849215
145.0 -8.76416089 -8.68460803 -8.59636097 -8.49801283 -8.39108935
146.0 -8.76678303 -8.68787026 -8.59891201 -8.50130238 -8.39360853
147.0 -8.76933544 -8.69106440 -8.60138911 -8.50450294 -8.39605281
148.0 -8.77182097 -8.69419316 -8.60379553 -8.50761646 -8.39842521
149.0 -8.77424239 -8.69725917 -8.60613445 -8.51064481 -8.40072867
150.0 -8.77660240 -8.70026497 -8.60840902 -8.51358974 -8.40296606
151.0 -8.77890364 -8.70321303 -8.61062234 -8.51645294 -8.40514015
152.0 -8.78114867 -8.70610575 -8.61277745 -8.51923598 -8.40725362
153.0 -8.78333998 -8.70894544 -8.61487734 -8.52194034 -8.40930909
154.0 -8.78547999 -8.71173434 -8.61692498 -8.52456744 -8.41130909
155.0 -8.78757107 -8.71447463 -8.61892325 -8.52711857 -8.41325608
156.0 -8.78961550 -8.71716841 -8.62087503 -8.52959495 -8.41515243
157.0 -8.79161553 -8.71981770 -8.62278312 -8.53199771 -8.41700045
158.0 -8.79357330 -8.72242446 -8.62465029 -8.53432790 -8.41880236
159.0 -8.79549094 -8.72499058 -8.62647927 -8.53658646 -8.42056031
160.0 -8.79737046 -8.72751787 -8.62827273 -8.53877428 -8.42227640
161.0 -8.79921387 -8.73000810 -8.63003329 -8.54089216 -8.42395264
162.0 -8.80102306 -8.73246295 -8.63176353 -8.54294081 -8.42559096
163.0 -8.80279991 -8.73488404 -8.63346598 -8.54492089 -8.42719325
164.0 -8.80454620 -8.73727293 -8.63514310 -8.54683298 -8.42876131
165.0 -8.80626368 -8.73963110 -8.63679731 -8.54867761 -8.43029689
166.0 -8.80795404 -8.74195999 -8.63843095 -8.55045524 -8.43180166
167.0 -8.80961890 -8.74426097 -8.64004632 -8.55216628 -8.43327723
168.0 -8.81125983 -8.74653533 -8.64164563 -8.55381111 -8.43472516
169.0 -8.81287834 -8.74878433 -8.64323102 -8.55539005 -8.43614694
170.0 -8.81447590 -8.75100916 -8.64480458 -8.55690341 -8.43754399
171.0 -8.81605392 -8.75321093 -8.64636828 -8.55835146 -8.43891768
172.0 -8.81761373 -8.75539072 -8.64792403 -8.55973445 -8.44026932
173.0 -8.81915666 -8.75754955 -8.64947366 -8.56105263 -8.44160017
174.0 -8.82068394 -8.75968836 -8.65101888 -8.56230624 -8.44291143
175.0 -8.82219678 -8.76180806 -8.65256132 -8.56349550 -8.44420423
176.0 -8.82369633 -8.76390951 -8.65410252 -8.56462068 -8.44547966
177.0 -8.82518368 -8.76599349 -8.65564390 -8.56568203 -8.44673875
178.0 -8.82665989 -8.76806077 -8.65718678 -8.56667983 -8.44798250
179.0 -8.82812595 -8.77011202 -8.65873239 -8.56761437 -8.44921183
180.0 -8.82958284 -8.77214791 -8.66028183 -8.56848600 -8.45042762
181.0 -8.83103145 -8.77416904 -8.66183611 -8.56929507 -8.45163071
182.0 -8.83247266 -8.77617596 -8.66339613 -8.57004197 -8.45282189
183.0 -8.83390728 -8.77816919 -8.66496268 -8.57072713 -8.45400189
184.0 -8.83533610 -8.78014920 -8.66653646 -8.57135101 -8.45517141
185.0 -8.83675984 -8.78211643 -8.66811805 -8.57191413 -8.45633110
186.0 -8.83817921 -8.78407126 -8.66970795 -8.57241701 -8.45748158
187.0 -8.83959486 -8.78601406 -8.67130655 -8.57286024 -8.45862340
188.0 -8.84100739 -8.78794513 -8.67291416 -8.57324443 -8.45975709
189.0 -8.84241739 -8.78986477 -8.67453101 -8.57357022 -8.46088314
190.0 -8.84382537 -8.79177322 -8.67615724 -8.57383829 -8.46200199
191.0 -8.84523184 -8.79367070 -8.67779290 -8.57404935 -8.46311405
192.0 -8.84663725 -8.79555741 -8.67943799 -8.57420414 -8.46421968
193.0 -8.84804203 -8.79743349 -8.68109244 -8.57430341 -8.46531923
194.0 -8.84944655 -8.79929907 -8.68275612 -8.57434794 -8.46641299
195.0 -8.85085116 -8.80115427 -8.68442881 -8.57433855 -8.46750122
196.0 -8.85225617 -8.80299916 -8.68611029 -8.57427605 -8.46858414
197.0 -8.85366186 -8.80483379 -8.68780026 -8.57416127 -8.46966196
198.0 -8.85506846 -8.80665819 -8.68949838 -8.57399507 -8.47073483
199.0 -8.85647618 -8.80847238 -8.69120428 -8.57377831 -8.47180289
200.0 -8.85788519 -8.81027632 -8.69291754 -8.57351184 -8.47286622
