# Time Pop_0 Pop_1 Pop_2 Pop_3 Pop_4
0.0 0.000000 1.000000 0.000000 0.000000 0.000000
1.0 0.000000 1.000000 0.000000 0.000000 0.000000
2.0 0.000000 1.000000 0.000000 0.000000 0.000000
3.0 0.000000 1.000000 0.000000 0.000000 0.000000
4.0 0.000000 0.999999 0.000000 0.000000 0.000000
5.0 0.000000 0.999998 0.000000 0.000000 0.000000
6.0 0.000000 0.999995 0.000000 0.000000 0.000001
7.0 0.000000 0.999991 0.000000 0.000001 0.000001
8.0 0.000001 0.999985 0.000000 0.000002 0.000002
9.0 0.000001 0.999976 0.000000 0.000003 0.000004
10.0 0.000002 0.999963 0.000001 0.000005 0.000006
11.0 0.000003 0.999945 0.000001 0.000008 0.000009
12.0 0.000004 0.999920 0.000002 0.000012 0.000013
13.0 0.000006 0.999889 0.000004 0.000018 0.000017
14.0 0.000008 0.999850 0.000005 0.000025 0.000023
15.0 0.000011 0.999803 0.000008 0.000036 0.000029
16.0 0.000014 0.999747 0.000011 0.000049 0.000037
17.0 0.000017 0.999678 0.000015 0.000066 0.000045
18.0 0.000022 0.999594 0.000020 0.000086 0.000054
19.0 0.000027 0.999494 0.000027 0.000112 0.000065
20.0 0.000033 0.999379 0.000035 0.000142 0.000077
21.0 0.000040 0.999250 0.000044 0.000178 0.000090
22.0 0.000048 0.999104 0.000055 0.000220 0.000105
23.0 0.000056 0.998939 0.000068 0.000268 0.000122
24.0 0.000066 0.998752 0.000083 0.000323 0.000140
25.0 0.000077 0.998542 0.000100 0.000385 0.000160
26.0 0.000089 0.998310 0.000119 0.000454 0.000181
27.0 0.000103 0.998061 0.000139 0.000529 0.000203
28.0 0.000118 0.997795 0.000162 0.000612 0.000225
29.0 0.000135 0.997511 0.000186 0.000702 0.000248
30.0 0.000153 0.997206 0.000212 0.000798 0.000270
31.0 0.000174 0.996878 0.000239 0.000902 0.000292
32.0 0.000197 0.996526 0.000267 0.001011 0.000313
33.0 0.000223 0.996156 0.000296 0.001126 0.000334
34.0 0.000253 0.995770 0.000326 0.001247 0.000355
35.0 0.000285 0.995372 0.000356 0.001373 0.000375
36.0 0.000322 0.994959 0.000386 0.001505 0.000396
37.0 0.000364 0.994526 0.000415 0.001641 0.000417
38.0 0.000410 0.994069 0.000442 0.001783 0.000437
39.0 0.000462 0.993592 0.000469 0.001929 0.000458
40.0 0.000520 0.993100 0.000493 0.002080 0.000477
41.0 0.000585 0.992598 0.000515 0.002235 0.000495
42.0 0.000656 0.992090 0.000533 0.002395 0.000512
43.0 0.000734 0.991570 0.000548 0.002559 0.000526
44.0 0.000818 0.991034 0.000560 0.002729 0.000537
45.0 0.000908 0.990481 0.000567 0.002903 0.000546
46.0 0.001005 0.989913 0.000570 0.003082 0.000553
47.0 0.001106 0.989339 0.000568 0.003267 0.000557
48.0 0.001210 0.988766 0.000561 0.003455 0.000560
49.0 0.001317 0.988194 0.000549 0.003649 0.000562
50.0 0.001423 0.987621 0.000532 0.003847 0.000563
51.0 0.001527 0.987042 0.000510 0.004049 0.000563
52.0 0.001627 0.986456 0.000484 0.004254 0.000563
53.0 0.001720 0.985869 0.000453 0.004461 0.000562
54.0 0.001804 0.985293 0.000418 0.004668 0.000560
55.0 0.001876 0.984738 0.000380 0.004874 0.000557
56.0 0.001933 0.984208 0.000340 0.005078 0.000551
57.0 0.001972 0.983701 0.000297 0.005277 0.000544
58.0 0.001993 0.983213 0.000254 0.005469 0.000534
59.0 0.001993 0.982744 0.000212 0.005652 0.000521
60.0 0.001971 0.982297 0.000171 0.005823 0.000507
61.0 0.001928 0.981880 0.000133 0.005979 0.000492
62.0 0.001865 0.981496 0.000100 0.006116 0.000475
63.0 0.001781 0.981147 0.000074 0.006234 0.000458
64.0 0.001680 0.980824 0.000056 0.006329 0.000440
65.0 0.001565 0.980520 0.000048 0.006399 0.000423
66.0 0.001439 0.980226 0.000052 0.006441 0.000406
67.0 0.001306 0.979938 0.000071 0.006454 0.000388
68.0 0.001170 0.979657 0.000107 0.006435 0.000371
69.0 0.001036 0.979383 0.000162 0.006385 0.000353
70.0 0.000909 0.979114 0.000239 0.006303 0.000334
71.0 0.000792 0.978838 0.000340 0.006189 0.000315
72.0 0.000689 0.978542 0.000468 0.006047 0.000294
73.0 0.000604 0.978214 0.000626 0.005877 0.000273
74.0 0.000539 0.977844 0.000816 0.005681 0.000251
75.0 0.000495 0.977427 0.001041 0.005463 0.000229
76.0 0.000473 0.976962 0.001304 0.005226 0.000208
77.0 0.000471 0.976448 0.001607 0.004974 0.000187
78.0 0.000488 0.975881 0.001953 0.004713 0.000168
79.0 0.000523 0.975254 0.002345 0.004444 0.000149
80.0 0.000571 0.974559 0.002785 0.004174 0.000133
81.0 0.000630 0.973790 0.003275 0.003904 0.000117
82.0 0.000695 0.972942 0.003815 0.003637 0.000102
83.0 0.000762 0.972017 0.004409 0.003377 0.000088
84.0 0.000828 0.971021 0.005055 0.003124 0.000075
85.0 0.000890 0.969959 0.005756 0.002881 0.000063
86.0 0.000943 0.968835 0.006510 0.002649 0.000052
87.0 0.000986 0.967649 0.007317 0.002428 0.000041
88.0 0.001017 0.966399 0.008175 0.002220 0.000031
89.0 0.001035 0.965082 0.009082 0.002022 0.000023
90.0 0.001038 0.963695 0.010035 0.001836 0.000016
91.0 0.001027 0.962240 0.011032 0.001659 0.000011
92.0 0.001003 0.960720 0.012070 0.001494 0.000008
93.0 0.000966 0.959141 0.013145 0.001339 0.000006
94.0 0.000919 0.957507 0.014253 0.001195 0.000007
95.0 0.000864 0.955817 0.015390 0.001064 0.000009
96.0 0.000801 0.954070 0.016549 0.000946 0.000012
97.0 0.000733 0.952262 0.017726 0.000843 0.000018
98.0 0.000662 0.950390 0.018917 0.000757 0.000026
99.0 0.000590 0.948451 0.020119 0.000690 0.000036
100.0 0.000518 0.946447 0.021328 0.000645 0.000048
101.0 0.000449 0.944378 0.022541 0.000624 0.000062
102.0 0.000384 0.942247 0.023756 0.000632 0.000079
103.0 0.000323 0.940055 0.024969 0.000671 0.000100
104.0 0.000269 0.937801 0.026177 0.000745 0.000123
105.0 0.000222 0.935482 0.027378 0.000856 0.000149
106.0 0.000184 0.933092 0.028568 0.001008 0.000179
107.0 0.000154 0.930627 0.029748 0.001204 0.000211
108.0 0.000135 0.928081 0.030918 0.001446 0.000247
109.0 0.000127 0.925452 0.032076 0.001739 0.000285
110.0 0.000131 0.922739 0.033222 0.002084 0.000326
111.0 0.000146 0.919942 0.034356 0.002485 0.000370
112.0 0.000174 0.917060 0.035475 0.002945 0.000417
113.0 0.000216 0.914092 0.036582 0.003466 0.000467
114.0 0.000271 0.911032 0.037676 0.004053 0.000521
115.0 0.000341 0.907870 0.038761 0.004710 0.000579
116.0 0.000426 0.904592 0.039839 0.005443 0.000643
117.0 0.000526 0.901185 0.040912 0.006256 0.000714
118.0 0.000641 0.897636 0.041983 0.007157 0.000793
119.0 0.000772 0.893931 0.043056 0.008152 0.000882
120.0 0.000918 0.890054 0.044134 0.009252 0.000982
121.0 0.001079 0.885989 0.045221 0.010468 0.001094
122.0 0.001254 0.881715 0.046324 0.011813 0.001220
123.0 0.001442 0.877207 0.047446 0.013304 0.001360
124.0 0.001641 0.872441 0.048594 0.014959 0.001515
125.0 0.001849 0.867391 0.049772 0.016797 0.001686
126.0 0.002065 0.862032 0.050986 0.018842 0.001873
127.0 0.002287 0.856342 0.052238 0.021116 0.002077
128.0 0.002511 0.850294 0.053532 0.023646 0.002298
129.0 0.002736 0.843867 0.054866 0.026460 0.002537
130.0 0.002960 0.837033 0.056239 0.029587 0.002793
131.0 0.003182 0.829770 0.057647 0.033057 0.003067
132.0 0.003399 0.822054 0.059085 0.036898 0.003360
133.0 0.003612 0.813867 0.060544 0.041134 0.003673
134.0 0.003822 0.805196 0.062017 0.045788 0.004008
135.0 0.004032 0.796032 0.063493 0.050880 0.004365
136.0 0.004244 0.786370 0.064961 0.056426 0.004746
137.0 0.004464 0.776208 0.066407 0.062437 0.005151
138.0 0.004701 0.765546 0.067815 0.068920 0.005581
139.0 0.004964 0.754389 0.069168 0.075875 0.006037
140.0 0.005264 0.742745 0.070448 0.083297 0.006519
141.0 0.005614 0.730626 0.071635 0.091175 0.007027
142.0 0.006029 0.718050 0.072710 0.099491 0.007565
143.0 0.006524 0.705040 0.073653 0.108226 0.008134
144.0 0.007113 0.691628 0.074444 0.117352 0.008735
145.0 0.007812 0.677852 0.075061 0.126836 0.009370
146.0 0.008633 0.663756 0.075484 0.136638 0.010041
147.0 0.009588 0.649390 0.075690 0.146716 0.010749
148.0 0.010686 0.634807 0.075657 0.157022 0.011496
149.0 0.011933 0.620066 0.075364 0.167514 0.012282
150.0 0.013329 0.605225 0.074793 0.178149 0.013106
151.0 0.014872 0.590344 0.073927 0.188885 0.013968
152.0 0.016555 0.575486 0.072752 0.199678 0.014862
153.0 0.018365 0.560717 0.071255 0.210479 0.015785
154.0 0.020285 0.546110 0.069431 0.221236 0.016730
155.0 0.022295 0.531742 0.067275 0.231891 0.017690
156.0 0.024370 0.517698 0.064792 0.242387 0.018657
157.0 0.026482 0.504062 0.061990 0.252669 0.019624
158.0 0.028599 0.490922 0.058881 0.262679 0.020582
159.0 0.030690 0.478364 0.055488 0.272355 0.021520
160.0 0.032722 0.466472 0.051836 0.281625 0.022428
161.0 0.034666 0.455330 0.047958 0.290406 0.023295
162.0 0.036493 0.445016 0.043898 0.298605 0.024112
163.0 0.038179 0.435610 0.039705 0.306119 0.024870
164.0 0.039702 0.427185 0.035436 0.312841 0.025562
165.0 0.041047 0.419810 0.031157 0.318663 0.026182
166.0 0.042200 0.413547 0.026938 0.323474 0.026724
167.0 0.043157 0.408450 0.022848 0.327161 0.027185
168.0 0.043916 0.404563 0.018960 0.329612 0.027559
169.0 0.044484 0.401922 0.015342 0.330718 0.027844
170.0 0.044868 0.400550 0.012058 0.330382 0.028037
171.0 0.045079 0.400463 0.009166 0.328524 0.028138
172.0 0.045130 0.401664 0.006712 0.325089 0.028149
173.0 0.045033 0.404147 0.004731 0.320050 0.028071
174.0 0.044801 0.407895 0.003244 0.313405 0.027908
175.0 0.044443 0.412880 0.002257 0.305178 0.027663
176.0 0.043968 0.419062 0.001757 0.295421 0.027336
177.0 0.043382 0.426385 0.001717 0.284217 0.026931
178.0 0.042686 0.434781 0.002093 0.271680 0.026448
179.0 0.041880 0.444169 0.002828 0.257963 0.025891
180.0 0.040959 0.454453 0.003851 0.243246 0.025261
181.0 0.039916 0.465528 0.005087 0.227734 0.024562
182.0 0.038742 0.477279 0.006452 0.211645 0.023798
183.0 0.037426 0.489585 0.007866 0.195200 0.022975
184.0 0.035960 0.502317 0.009249 0.178621 0.022099
185.0 0.034338 0.515338 0.010531 0.162123 0.021179
186.0 0.032554 0.528507 0.011650 0.145915 0.020225
187.0 0.030611 0.541674 0.012556 0.130194 0.019250
188.0 0.028515 0.554685 0.013215 0.115142 0.018269
189.0 0.026278 0.567382 0.013605 0.100915 0.017295
190.0 0.023921 0.579607 0.013720 0.087645 0.016345
191.0 0.021473 0.591205 0.013567 0.075432 0.015432
192.0 0.018967 0.602027 0.013166 0.064352 0.014572
193.0 0.016444 0.611930 0.012547 0.054458 0.013783
194.0 0.013951 0.620781 0.011750 0.045777 0.013083
195.0 0.011535 0.628458 0.010824 0.038318 0.012490
196.0 0.009248 0.634852 0.009823 0.032070 0.012023
197.0 0.007139 0.639868 0.008805 0.027001 0.011699
198.0 0.005257 0.643426 0.007830 0.023064 0.011534
199.0 0.003645 0.645463 0.006958 0.020196 0.011542
200.0 0.002342 0.645934 0.006246 0.018328 0.011734
