#Time E_0 E_1 E_2 E_3 E_4
0.0 -7.73033835 -7.61648031 -7.48937523 -7.44039952 -7.19133457
1.0 -7.73033818 -7.61647991 -7.48937268 -7.44039731 -7.19136866
2.0 -7.73033810 -7.61647915 -7.48936552 -7.44039117 -7.19147140
3.0 -7.73033937 -7.61647949 -7.48935526 -7.44038256 -7.19164427
4.0 -7.73034409 -7.61648328 -7.48934436 -7.44037393 -7.19188967
5.0 -7.73035518 -7.61649381 -7.48933629 -7.44036869 -7.19221098
6.0 -7.73037634 -7.61651528 -7.48933544 -7.44037115 -7.19261246
7.0 -7.73041207 -7.61655276 -7.48934712 -7.44038654 -7.19309928
8.0 -7.73046759 -7.61661216 -7.48937753 -7.44042096 -7.19367743
9.0 -7.73054885 -7.61670016 -7.48943370 -7.44048133 -7.19435369
10.0 -7.73066245 -7.61682423 -7.48952343 -7.44057535 -7.19513561
11.0 -7.73081563 -7.61699251 -7.48965530 -7.44071142 -7.19603139
12.0 -7.73101618 -7.61721381 -7.48983854 -7.44089863 -7.19704985
13.0 -7.73127243 -7.61749749 -7.49008299 -7.44114668 -7.19820036
14.0 -7.73159317 -7.61785346 -7.49039905 -7.44146579 -7.19949275
15.0 -7.73198758 -7.61829204 -7.49079758 -7.44186664 -7.20093725
16.0 -7.73246520 -7.61882396 -7.49128986 -7.44236031 -7.20254440
17.0 -7.73303581 -7.61946023 -7.49188746 -7.44295819 -7.20432496
18.0 -7.73370944 -7.62021208 -7.49260221 -7.44367191 -7.20628982
19.0 -7.73449620 -7.62109088 -7.49344608 -7.44451322 -7.20844993
20.0 -7.73540631 -7.62210807 -7.49443112 -7.44549396 -7.21081618
21.0 -7.73644994 -7.62327505 -7.49556933 -7.44662594 -7.21339936
22.0 -7.73763720 -7.62460313 -7.49687264 -7.44792085 -7.21621000
23.0 -7.73897803 -7.62610342 -7.49835274 -7.44939017 -7.21925832
24.0 -7.74048213 -7.62778673 -7.50002106 -7.45104514 -7.22255417
25.0 -7.74215888 -7.62966354 -7.50188864 -7.45289656 -7.22610687
26.0 -7.74401731 -7.63174387 -7.50396606 -7.45495484 -7.22992518
27.0 -7.74606596 -7.63403724 -7.50626336 -7.45722979 -7.23401720
28.0 -7.74831286 -7.63655255 -7.50878994 -7.45973063 -7.23839030
29.0 -7.75076546 -7.63929804 -7.51155448 -7.46246587 -7.24305101
30.0 -7.75343052 -7.64228118 -7.51456490 -7.46544323 -7.24800500
31.0 -7.75631412 -7.64550866 -7.51782823 -7.46866961 -7.25325699
32.0 -7.75942151 -7.64898626 -7.52135060 -7.47215096 -7.25881067
33.0 -7.76275717 -7.65271885 -7.52513713 -7.47589229 -7.26466868
34.0 -7.76632464 -7.65671030 -7.52919191 -7.47989756 -7.27083254
35.0 -7.77012658 -7.66096344 -7.53351791 -7.48416966 -7.27730260
36.0 -7.77416465 -7.66548003 -7.53811698 -7.48871033 -7.28407803
37.0 -7.77843951 -7.67026070 -7.54298978 -7.49352019 -7.29115677
38.0 -7.78295082 -7.67530497 -7.54813577 -7.49859864 -7.29853552
39.0 -7.78769716 -7.68061115 -7.55355315 -7.50394389 -7.30620971
40.0 -7.79267606 -7.68617641 -7.55923891 -7.50955292 -7.31417353
41.0 -7.79788398 -7.69199673 -7.56518878 -7.51542149 -7.32241989
42.0 -7.80331628 -7.69806690 -7.57139722 -7.52154413 -7.33094047
43.0 -7.80896730 -7.70438055 -7.57785748 -7.52791418 -7.33972571
44.0 -7.81483029 -7.71093014 -7.58456159 -7.53452376 -7.34876486
45.0 -7.82089748 -7.71770704 -7.59150037 -7.54136386 -7.35804600
46.0 -7.82716010 -7.72470149 -7.59866350 -7.54842433 -7.36755609
47.0 -7.83360841 -7.73190269 -7.60603958 -7.55569394 -7.37728103
48.0 -7.84023174 -7.73929884 -7.61361611 -7.56316046 -7.38720570
49.0 -7.84701856 -7.74687720 -7.62137964 -7.57081067 -7.39731403
50.0 -7.85395650 -7.75462412 -7.62931576 -7.57863046 -7.40758909
51.0 -7.86103243 -7.76252514 -7.63740923 -7.58660489 -7.41801315
52.0 -7.86823254 -7.77056507 -7.64564402 -7.59471827 -7.42856775
53.0 -7.87554236 -7.77872801 -7.65400341 -7.60295427 -7.43923382
54.0 -7.88294690 -7.78699752 -7.66247010 -7.61129595 -7.44999175
55.0 -7.89043070 -7.79535664 -7.67102627 -7.61972589 -7.46082148
56.0 -7.89797788 -7.80378798 -7.67965368 -7.62822630 -7.47170263
57.0 -7.90557226 -7.81227385 -7.68833379 -7.63677905 -7.48261453
58.0 -7.91319746 -7.82079631 -7.69704783 -7.64536583 -7.49353639
59.0 -7.92083691 -7.82933730 -7.70577691 -7.65396821 -7.50444737
60.0 -7.92847401 -7.83787869 -7.71450213 -7.66256774 -7.51532665
61.0 -7.93609219 -7.84640240 -7.72320465 -7.67114605 -7.52615358
62.0 -7.94367497 -7.85489047 -7.73186581 -7.67968494 -7.53690772
63.0 -7.95120605 -7.86332517 -7.74046719 -7.68816643 -7.54756897
64.0 -7.95866941 -7.87168904 -7.74899073 -7.69657292 -7.55811763
65.0 -7.96604935 -7.87996502 -7.75741878 -7.70488717 -7.56853449
66.0 -7.97333058 -7.88813648 -7.76573422 -7.71309246 -7.57880091
67.0 -7.98049827 -7.89618733 -7.77392047 -7.72117262 -7.58889890
68.0 -7.98753812 -7.90410203 -7.78196163 -7.72911209 -7.59881117
69.0 -7.99443642 -7.91186571 -7.78984248 -7.73689599 -7.60852119
70.0 -8.00118009 -7.91946419 -7.79754855 -7.74451014 -7.61801325
71.0 -8.00775671 -7.92688401 -7.80506618 -7.75194117 -7.62727251
72.0 -8.01415459 -7.93411252 -7.81238256 -7.75917648 -7.63628503
73.0 -8.02036278 -7.94113787 -7.81948574 -7.76620431 -7.64503782
74.0 -8.02637111 -7.94794906 -7.82636468 -7.77301380 -7.65351885
75.0 -8.03217020 -7.95453596 -7.83300925 -7.77959493 -7.66171706
76.0 -8.03775147 -7.96088931 -7.83941027 -7.78593859 -7.66962242
77.0 -8.04310719 -7.96700077 -7.84555949 -7.79203659 -7.67722589
78.0 -8.04823043 -7.97286287 -7.85144961 -7.79788162 -7.68451944
79.0 -8.05311509 -7.97846906 -7.85707425 -7.80346729 -7.69149607
80.0 -8.05775590 -7.98381368 -7.86242799 -7.80878809 -7.69814973
81.0 -8.06214841 -7.98889195 -7.86750630 -7.81383940 -7.70447541
82.0 -8.06628896 -7.99369995 -7.87230555 -7.81861747 -7.71046902
83.0 -8.07017468 -7.99823463 -7.87682300 -7.82311939 -7.71612743
84.0 -8.07380346 -8.00249375 -7.88105674 -7.82734307 -7.72144844
85.0 -8.07717395 -8.00647589 -7.88500567 -7.83128722 -7.72643071
86.0 -8.08028550 -8.01018039 -7.88866951 -7.83495130 -7.73107378
87.0 -8.08313816 -8.01360733 -7.89204871 -7.83833553 -7.73537800
88.0 -8.08573264 -8.01675752 -7.89514442 -7.84144082 -7.73934449
89.0 -8.08807028 -8.01963244 -7.89795852 -7.84426874 -7.74297514
90.0 -8.09015302 -8.02223421 -7.90049347 -7.84682150 -7.74627251
91.0 -8.09198335 -8.02456556 -7.90275237 -7.84910191 -7.74923987
92.0 -8.09356432 -8.02662976 -7.90473887 -7.85111331 -7.75188107
93.0 -8.09489945 -8.02843064 -7.90645715 -7.85285960 -7.75420055
94.0 -8.09599273 -8.02997250 -7.90791184 -7.85434513 -7.75620330
95.0 -8.09684857 -8.03126011 -7.90910805 -7.85557471 -7.75789479
96.0 -8.09747177 -8.03229864 -7.91005127 -7.85655354 -7.75928095
97.0 -8.09786750 -8.03309364 -7.91074736 -7.85728722 -7.76036812
98.0 -8.09804123 -8.03365099 -7.91120250 -7.85778165 -7.76116302
99.0 -8.09799874 -8.03397689 -7.91142317 -7.85804306 -7.76167270
100.0 -8.09774605 -8.03407779 -7.91141609 -7.85807792 -7.76190449
101.0 -8.09728942 -8.03396040 -7.91118823 -7.85789296 -7.76186600
102.0 -8.09663528 -8.03363161 -7.91074671 -7.85749507 -7.76156506
103.0 -8.09579026 -8.03309848 -7.91009884 -7.85689135 -7.76100968
104.0 -8.09476110 -8.03236822 -7.90925202 -7.85608901 -7.76020802
105.0 -8.09355465 -8.03144815 -7.90821379 -7.85509540 -7.75916839
106.0 -8.09217786 -8.03034567 -7.90699174 -7.85391792 -7.75789917
107.0 -8.09063773 -8.02906824 -7.90559351 -7.85256406 -7.75640883
108.0 -8.08894129 -8.02762336 -7.90402675 -7.85104132 -7.75470585
109.0 -8.08709561 -8.02601852 -7.90229913 -7.84935725 -7.75279877
110.0 -8.08510772 -8.02426123 -7.90041830 -7.84751934 -7.75069609
111.0 -8.08298466 -8.02235894 -7.89839186 -7.84553510 -7.74840629
112.0 -8.08073340 -8.02031909 -7.89622735 -7.84341197 -7.74593782
113.0 -8.07836087 -8.01814901 -7.89393225 -7.84115733 -7.74329903
114.0 -8.07587391 -8.01585598 -7.89151394 -7.83877848 -7.74049822
115.0 -8.07327930 -8.01344718 -7.88897971 -7.83628263 -7.73754358
116.0 -8.07058370 -8.01092966 -7.88633673 -7.83367689 -7.73444317
117.0 -8.06779365 -8.00831037 -7.88359202 -7.83096824 -7.73120495
118.0 -8.06491560 -8.00559614 -7.88075251 -7.82816353 -7.72783672
119.0 -8.06195583 -8.00279364 -7.87782496 -7.82526948 -7.72434616
120.0 -8.05892053 -7.99990939 -7.87481596 -7.82229268 -7.72074076
121.0 -8.05581569 -7.99694976 -7.87173198 -7.81923952 -7.71702787
122.0 -8.05264719 -7.99392098 -7.86857930 -7.81611628 -7.71321467
123.0 -8.04942075 -7.99082908 -7.86536402 -7.81292904 -7.70930813
124.0 -8.04614190 -7.98767994 -7.86209210 -7.80968374 -7.70531508
125.0 -8.04281603 -7.98447926 -7.85876930 -7.80638610 -7.70124215
126.0 -8.03944837 -7.98123257 -7.85540120 -7.80304172 -7.69709576
127.0 -8.03604396 -7.97794520 -7.85199320 -7.79965598 -7.69288215
128.0 -8.03260767 -7.97462233 -7.84855053 -7.79623410 -7.68860739
129.0 -8.02914422 -7.97126893 -7.84507822 -7.79278109 -7.68427731
130.0 -8.02565813 -7.96788981 -7.84158112 -7.78930182 -7.67989759
131.0 -8.02215377 -7.96448959 -7.83806390 -7.78580095 -7.67547367
132.0 -8.01863533 -7.96107270 -7.83453104 -7.78228297 -7.67101083
133.0 -8.01510683 -7.95764341 -7.83098686 -7.77875217 -7.66651414
134.0 -8.01157213 -7.95420581 -7.82743549 -7.77521270 -7.66198849
135.0 -8.00803491 -7.95076381 -7.82388087 -7.77166849 -7.65743856
136.0 -8.00449870 -7.94732114 -7.82032679 -7.76812334 -7.65286887
137.0 -8.00096687 -7.94388138 -7.81677685 -7.76458084 -7.64828373
138.0 -7.99744262 -7.94044792 -7.81323448 -7.76104444 -7.64368728
139.0 -7.99392900 -7.93702401 -7.80970298 -7.75751741 -7.63908348
140.0 -7.99042891 -7.93361273 -7.80618543 -7.75400286 -7.63447612
141.0 -7.98694511 -7.93021699 -7.80268481 -7.75050374 -7.62986880
142.0 -7.98348019 -7.92683958 -7.79920390 -7.74702286 -7.62526497
143.0 -7.98003663 -7.92348310 -7.79574536 -7.74356286 -7.62066790
144.0 -7.97661674 -7.92015003 -7.79231168 -7.74012623 -7.61608073
145.0 -7.97322273 -7.91684270 -7.78890523 -7.73671534 -7.61150640
146.0 -7.96985666 -7.91356331 -7.78552822 -7.73333240 -7.60694773
147.0 -7.96652046 -7.91031393 -7.78218274 -7.72997949 -7.60240738
148.0 -7.96321594 -7.90709648 -7.77887073 -7.72665857 -7.59788787
149.0 -7.95994482 -7.90391277 -7.77559404 -7.72337145 -7.59339158
150.0 -7.95670866 -7.90076450 -7.77235436 -7.72011983 -7.58892075
151.0 -7.95350895 -7.89765322 -7.76915328 -7.71690531 -7.58447749
152.0 -7.95034705 -7.89458040 -7.76599227 -7.71372934 -7.58006379
153.0 -7.94722423 -7.89154738 -7.76287270 -7.71059328 -7.57568152
154.0 -7.94414166 -7.88855542 -7.75979582 -7.70749839 -7.57133243
155.0 -7.94110041 -7.88560565 -7.75676279 -7.70444582 -7.56701815
156.0 -7.93810146 -7.88269911 -7.75377467 -7.70143661 -7.56274019
157.0 -7.93514572 -7.87983677 -7.75083241 -7.69847172 -7.55849999
158.0 -7.93223400 -7.87701949 -7.74793690 -7.69555201 -7.55429886
159.0 -7.92936702 -7.87424803 -7.74508891 -7.69267827 -7.55013801
160.0 -7.92654545 -7.87152310 -7.74228915 -7.68985119 -7.54601858
161.0 -7.92376987 -7.86884532 -7.73953824 -7.68707138 -7.54194159
162.0 -7.92104080 -7.86621523 -7.73683672 -7.68433938 -7.53790799
163.0 -7.91835869 -7.86363328 -7.73418508 -7.68165567 -7.53391866
164.0 -7.91572391 -7.86109990 -7.73158372 -7.67902062 -7.52997437
165.0 -7.91313680 -7.85861540 -7.72903297 -7.67643459 -7.52607585
166.0 -7.91059762 -7.85618007 -7.72653311 -7.67389783 -7.52222372
167.0 -7.90810659 -7.85379411 -7.72408435 -7.67141055 -7.51841856
168.0 -7.90566387 -7.85145769 -7.72168686 -7.66897291 -7.51466086
169.0 -7.90326957 -7.84917091 -7.71934073 -7.66658499 -7.51095108
170.0 -7.90092375 -7.84693382 -7.71704603 -7.66424685 -7.50728959
171.0 -7.89862645 -7.84474642 -7.71480274 -7.66195849 -7.50367671
172.0 -7.89637764 -7.84260867 -7.71261084 -7.65971984 -7.50011272
173.0 -7.89417725 -7.84052048 -7.71047023 -7.65753083 -7.49659783
174.0 -7.89202521 -7.83848174 -7.70838078 -7.65539132 -7.49313220
175.0 -7.88992137 -7.83649227 -7.70634233 -7.65330113 -7.48971596
176.0 -7.88786556 -7.83455187 -7.70435466 -7.65126005 -7.48634919
177.0 -7.88585761 -7.83266030 -7.70241755 -7.64926784 -7.48303192
178.0 -7.88389727 -7.83081730 -7.70053071 -7.64732423 -7.47976414
179.0 -7.88198429 -7.82902256 -7.69869385 -7.64542891 -7.47654582
180.0 -7.88011841 -7.82727576 -7.69690662 -7.64358154 -7.47337687
181.0 -7.87829931 -7.82557654 -7.69516868 -7.64178176 -7.47025719
182.0 -7.87652668 -7.82392451 -7.69347962 -7.64002919 -7.46718662
183.0 -7.87480016 -7.82231927 -7.69183905 -7.63832341 -7.46416501
184.0 -7.87311938 -7.82076041 -7.69024652 -7.63666400 -7.46119214
185.0 -7.87148398 -7.81924746 -7.68870159 -7.63505050 -7.45826779
186.0 -7.86989354 -7.81777996 -7.68720378 -7.63348244 -7.45539171
187.0 -7.86834764 -7.81635743 -7.68575260 -7.63195934 -7.45256362
188.0 -7.86684586 -7.81497937 -7.68434755 -7.63048070 -7.44978324
189.0 -7.86538775 -7.81364527 -7.68298810 -7.62904600 -7.44705024
190.0 -7.86397285 -7.81235459 -7.68167371 -7.62765471 -7.44436428
191.0 -7.86260070 -7.81110680 -7.68040383 -7.62630629 -7.44172503
192.0 -7.86127081 -7.80990133 -7.67917791 -7.62500019 -7.43913210
193.0 -7.85998269 -7.80873764 -7.67799537 -7.62373584 -7.43658512
194.0 -7.85873584 -7.80761514 -7.67685562 -7.62251268 -7.43408368
195.0 -7.85752977 -7.80653325 -7.67575807 -7.62133013 -7.43162739
196.0 -7.85636395 -7.80549140 -7.67470213 -7.62018761 -7.42921581
197.0 -7.85523786 -7.80448897 -7.67368719 -7.61908451 -7.42684851
198.0 -7.85415098 -7.80352537 -7.67271262 -7.61802026 -7.42452505
199.0 -7.85310278 -7.80260000 -7.67177783 -7.61699424 -7.42224498
200.0 -7.85209272 -7.80171224 -7.67088217 -7.61600586 -7.42000784
