#Time Kinetic_e Potential_e Total_e Norm
0.0 0.00000000 -7.61648031 -7.61648031 1.0000000000000002
1.0 0.00008671 -7.61655264 -7.61646593 0.9999989028910172
2.0 0.00034662 -7.61679050 -7.61644387 0.9999978059650816
3.0 0.00077908 -7.61719317 -7.61641409 0.9999967094037169
4.0 0.00138299 -7.61775951 -7.61637652 0.9999956133878102
5.0 0.00215684 -7.61848791 -7.61633107 0.9999945180972853
6.0 0.00309867 -7.61937633 -7.61627766 0.9999934237107935
7.0 0.00420616 -7.62042229 -7.61621613 0.9999923304054004
8.0 0.00547656 -7.62162287 -7.61614631 0.999991238356307
9.0 0.00690676 -7.62297476 -7.61606800 0.9999901477365555
10.0 0.00849330 -7.62447427 -7.61598096 0.9999890587167529
11.0 0.01023237 -7.62611736 -7.61588499 0.9999879714647977
12.0 0.01211984 -7.62789968 -7.61577984 0.9999868861456217
13.0 0.01415132 -7.62981655 -7.61566523 0.9999858029209432
14.0 0.01632212 -7.63186294 -7.61554082 0.9999847219490627
15.0 0.01862735 -7.63403356 -7.61540621 0.9999836433846816
16.0 0.02106188 -7.63632290 -7.61526101 0.9999825673786845
17.0 0.02362039 -7.63872520 -7.61510481 0.9999814940779841
18.0 0.02629742 -7.64123464 -7.61493722 0.9999804236253372
19.0 0.02908736 -7.64384517 -7.61475781 0.9999793561591889
20.0 0.03198445 -7.64655057 -7.61456612 0.999978291813576
21.0 0.03498292 -7.64934456 -7.61436164 0.9999772307180207
22.0 0.03807691 -7.65222074 -7.61414383 0.9999761729974493
23.0 0.04126050 -7.65517262 -7.61391212 0.9999751187721352
24.0 0.04452777 -7.65819378 -7.61366601 0.9999740681576186
25.0 0.04787280 -7.66127779 -7.61340499 0.9999730212646494
26.0 0.05128970 -7.66441820 -7.61312850 0.9999719781991743
27.0 0.05477261 -7.66760856 -7.61283595 0.9999709390623476
28.0 0.05831580 -7.67084249 -7.61252669 0.9999699039505326
29.0 0.06191356 -7.67411361 -7.61220005 0.9999688729553471
30.0 0.06556030 -7.67741572 -7.61185542 0.999967846163685
31.0 0.06925059 -7.68074281 -7.61149221 0.999966823657715
32.0 0.07297903 -7.68408889 -7.61110986 0.9999658055149342
33.0 0.07674041 -7.68744819 -7.61070777 0.9999647918082459
34.0 0.08052968 -7.69081504 -7.61028536 0.9999637826060102
35.0 0.08434188 -7.69418384 -7.60984196 0.9999627779721718
36.0 0.08817225 -7.69754920 -7.60937695 0.9999617779663523
37.0 0.09201618 -7.70090596 -7.60888979 0.9999607826439186
38.0 0.09586921 -7.70424918 -7.60837997 0.999959792056055
39.0 0.09972706 -7.70757408 -7.60784702 0.9999588062498729
40.0 0.10358566 -7.71087616 -7.60729050 0.9999578252684934
41.0 0.10744112 -7.71415101 -7.60670989 0.9999568491511727
42.0 0.11128967 -7.71739438 -7.60610470 0.9999558779334498
43.0 0.11512783 -7.72060235 -7.60547453 0.9999549116472429
44.0 0.11895221 -7.72377118 -7.60481897 0.9999539503209306
45.0 0.12275959 -7.72689729 -7.60413770 0.9999529939795017
46.0 0.12654702 -7.72997750 -7.60343049 0.9999520426446183
47.0 0.13031163 -7.73300870 -7.60269707 0.9999510963347334
48.0 0.13405071 -7.73598796 -7.60193725 0.9999501550652418
49.0 0.13776178 -7.73891262 -7.60115084 0.9999492188485773
50.0 0.14144242 -7.74178015 -7.60033773 0.9999482876943286
51.0 0.14509043 -7.74458826 -7.59949783 0.999947361609367
52.0 0.14870371 -7.74733489 -7.59863118 0.9999464405979201
53.0 0.15228035 -7.75001816 -7.59773781 0.9999455246616806
54.0 0.15581860 -7.75263638 -7.59681778 0.9999446137999126
55.0 0.15931676 -7.75518799 -7.59587123 0.999943708009564
56.0 0.16277338 -7.75767173 -7.59489835 0.9999428072853462
57.0 0.16618704 -7.76008643 -7.59389938 0.999941911619819
58.0 0.16955644 -7.76243108 -7.59287464 0.9999410210035152
59.0 0.17288049 -7.76470496 -7.59182447 0.9999401354249878
60.0 0.17615808 -7.76690733 -7.59074924 0.9999392548709228
61.0 0.17938825 -7.76903762 -7.58964938 0.9999383793262568
62.0 0.18257018 -7.77109553 -7.58852534 0.9999375087742273
63.0 0.18570302 -7.77308066 -7.58737764 0.9999366431964773
64.0 0.18878609 -7.77499287 -7.58620678 0.9999357825731618
65.0 0.19181883 -7.77683219 -7.58501336 0.999934926882973
66.0 0.19480069 -7.77859864 -7.58379796 0.9999340761032487
67.0 0.19773126 -7.78029241 -7.58256114 0.9999332302100501
68.0 0.20061018 -7.78191375 -7.58130357 0.9999323891782287
69.0 0.20343714 -7.78346301 -7.58002587 0.9999315529815018
70.0 0.20621188 -7.78494060 -7.57872872 0.9999307215925255
71.0 0.20893423 -7.78634707 -7.57741284 0.9999298949829548
72.0 0.21160414 -7.78768306 -7.57607892 0.9999290731234888
73.0 0.21422150 -7.78894916 -7.57472766 0.999928255983954
74.0 0.21678641 -7.79014617 -7.57335976 0.9999274435333559
75.0 0.21929893 -7.79127486 -7.57197593 0.9999266357399275
76.0 0.22175911 -7.79233596 -7.57057685 0.9999258325712254
77.0 0.22416713 -7.79333033 -7.56916320 0.9999250339941882
78.0 0.22652313 -7.79425876 -7.56773563 0.9999242399751909
79.0 0.22882732 -7.79512210 -7.56629477 0.9999234504801171
80.0 0.23107999 -7.79592123 -7.56484124 0.9999226654744008
81.0 0.23328140 -7.79665707 -7.56337567 0.9999218849230714
82.0 0.23543189 -7.79733059 -7.56189870 0.9999211087907911
83.0 0.23753175 -7.79794275 -7.56041100 0.9999203370418985
84.0 0.23958136 -7.79849459 -7.55891323 0.9999195696404406
85.0 0.24158113 -7.79898718 -7.55740604 0.9999188065502003
86.0 0.24353142 -7.79942144 -7.55589002 0.9999180477347542
87.0 0.24543276 -7.79979850 -7.55436574 0.9999172931575113
88.0 0.24728564 -7.80011939 -7.55283376 0.9999165427817217
89.0 0.24909044 -7.80038505 -7.55129462 0.9999157965705592
90.0 0.25084774 -7.80059661 -7.54974887 0.9999150544871263
91.0 0.25255794 -7.80075499 -7.54819705 0.9999143164944857
92.0 0.25422145 -7.80086113 -7.54663968 0.9999135825557343
93.0 0.25583884 -7.80091607 -7.54507723 0.9999128526339958
94.0 0.25741052 -7.80092070 -7.54351018 0.9999121266924631
95.0 0.25893702 -7.80087597 -7.54193895 0.9999114046944262
96.0 0.26041888 -7.80078290 -7.54036402 0.9999106866032699
97.0 0.26185660 -7.80064243 -7.53878584 0.9999099723824927
98.0 0.26325075 -7.80045564 -7.53720488 0.9999092619957034
99.0 0.26460186 -7.80022349 -7.53562163 0.999908555406641
100.0 0.26591054 -7.79994705 -7.53403651 0.9999078525791789
101.0 0.26717738 -7.79962730 -7.53244992 0.999907153477339
102.0 0.26840295 -7.79926519 -7.53086224 0.9999064580653242
103.0 0.26958793 -7.79886174 -7.52927381 0.9999057663075228
104.0 0.27073283 -7.79841780 -7.52768497 0.9999050781685304
105.0 0.27183820 -7.79793425 -7.52609605 0.9999043936131906
106.0 0.27290465 -7.79741201 -7.52450736 0.999903712606583
107.0 0.27393267 -7.79685190 -7.52291923 0.9999030351140389
108.0 0.27492286 -7.79625478 -7.52133192 0.9999023611011569
109.0 0.27587586 -7.79562157 -7.51974571 0.999901690533787
110.0 0.27679229 -7.79495315 -7.51816085 0.9999010233780249
111.0 0.27767282 -7.79425044 -7.51657763 0.9999003596002151
112.0 0.27851812 -7.79351443 -7.51499630 0.999899699166929
113.0 0.27932889 -7.79274607 -7.51341717 0.9998990420449663
114.0 0.28010577 -7.79194629 -7.51184051 0.9998983882013575
115.0 0.28084943 -7.79111603 -7.51026661 0.999897737603364
116.0 0.28156057 -7.79025629 -7.50869572 0.9998970902184782
117.0 0.28223980 -7.78936789 -7.50712809 0.9998964460144371
118.0 0.28288781 -7.78845174 -7.50556394 0.9998958049592338
119.0 0.28350528 -7.78750874 -7.50400346 0.9998951670211065
120.0 0.28409276 -7.78653962 -7.50244686 0.9998945321685705
121.0 0.28465094 -7.78554527 -7.50089433 0.9998939003704139
122.0 0.28518044 -7.78452652 -7.49934608 0.9998932715956759
123.0 0.28568181 -7.78348411 -7.49780230 0.999892645813674
124.0 0.28615574 -7.78241897 -7.49626323 0.9998920229939767
125.0 0.28660287 -7.78133193 -7.49472906 0.9998914031063904
126.0 0.28702384 -7.78022388 -7.49320004 0.999890786120953
127.0 0.28741935 -7.77909572 -7.49167637 0.9998901720079264
128.0 0.28779006 -7.77794833 -7.49015827 0.999889560737787
129.0 0.28813663 -7.77678260 -7.48864597 0.9998889522812338
130.0 0.28845965 -7.77559933 -7.48713968 0.9998883466091885
131.0 0.28875974 -7.77439936 -7.48563962 0.9998877436928046
132.0 0.28903747 -7.77318347 -7.48414600 0.9998871435034697
133.0 0.28929333 -7.77195235 -7.48265902 0.9998865460128207
134.0 0.28952793 -7.77070679 -7.48117886 0.9998859511927489
135.0 0.28974181 -7.76944748 -7.47970567 0.9998853590153829
136.0 0.28993548 -7.76817506 -7.47823957 0.999884769453121
137.0 0.29010955 -7.76689026 -7.47678070 0.9998841824786063
138.0 0.29026455 -7.76559374 -7.47532919 0.9998835980647304
139.0 0.29040100 -7.76428616 -7.47388515 0.9998830161846322
140.0 0.29051947 -7.76296823 -7.47244876 0.9998824368116865
141.0 0.29062049 -7.76164064 -7.47102015 0.9998818599194937
142.0 0.29070458 -7.76030407 -7.46959949 0.9998812854818816
143.0 0.29077227 -7.75895919 -7.46818693 0.9998807134728969
144.0 0.29082412 -7.75760672 -7.46678260 0.9998801438668002
145.0 0.29086063 -7.75624727 -7.46538664 0.9998795766380698
146.0 0.29088231 -7.75488148 -7.46399916 0.9998790117614091
147.0 0.29088972 -7.75351000 -7.46262028 0.9998784492117346
148.0 0.29088327 -7.75213336 -7.46125009 0.9998778889641884
149.0 0.29086345 -7.75075216 -7.45988871 0.9998773309941481
150.0 0.29083077 -7.74936698 -7.45853621 0.9998767752772059
151.0 0.29078560 -7.74797828 -7.45719268 0.9998762217891891
152.0 0.29072844 -7.74658662 -7.45585818 0.9998756705061633
153.0 0.29065974 -7.74519250 -7.45453276 0.9998751214044138
154.0 0.29057991 -7.74379637 -7.45321646 0.9998745744604627
155.0 0.29048944 -7.74239875 -7.45190931 0.9998740296510591
156.0 0.29038877 -7.74100013 -7.45061136 0.9998734869531662
157.0 0.29027836 -7.73960100 -7.44932264 0.9998729463439641
158.0 0.29015866 -7.73820186 -7.44804320 0.9998724078008373
159.0 0.29003012 -7.73680323 -7.44677311 0.9998718713013738
160.0 0.28989319 -7.73540559 -7.44551240 0.9998713368233562
161.0 0.28974827 -7.73400940 -7.44426113 0.9998708043447749
162.0 0.28959580 -7.73261511 -7.44301931 0.9998702738438179
163.0 0.28943619 -7.73122316 -7.44178697 0.9998697452988767
164.0 0.28926978 -7.72983389 -7.44056411 0.9998692186885599
165.0 0.28909700 -7.72844771 -7.43935072 0.9998686939916884
166.0 0.28891822 -7.72706499 -7.43814678 0.9998681711872933
167.0 0.28873375 -7.72568600 -7.43695225 0.9998676502546289
168.0 0.28854399 -7.72431111 -7.43576711 0.9998671311731707
169.0 0.28834930 -7.72294060 -7.43459131 0.9998666139226057
170.0 0.28814995 -7.72157472 -7.43342477 0.9998660984828502
171.0 0.28794633 -7.72021378 -7.43226744 0.9998655848340435
172.0 0.28773876 -7.71885801 -7.43111925 0.9998650729565398
173.0 0.28752752 -7.71750763 -7.42998012 0.9998645628309176
174.0 0.28731295 -7.71616292 -7.42884997 0.9998640544379752
175.0 0.28709538 -7.71482411 -7.42772874 0.9998635477587194
176.0 0.28687508 -7.71349142 -7.42661635 0.9998630427743713
177.0 0.28665234 -7.71216507 -7.42551274 0.9998625394663627
178.0 0.28642745 -7.71084529 -7.42441784 0.9998620378163323
179.0 0.28620066 -7.70953223 -7.42333158 0.9998615378061276
180.0 0.28597217 -7.70822607 -7.42225389 0.9998610394178171
181.0 0.28574228 -7.70692698 -7.42118470 0.9998605426336731
182.0 0.28551114 -7.70563507 -7.42012394 0.9998600474361805
183.0 0.28527895 -7.70435047 -7.41907152 0.9998595538080524
184.0 0.28504596 -7.70307332 -7.41802736 0.9998590617322027
185.0 0.28481230 -7.70180366 -7.41699137 0.9998585711917624
186.0 0.28457816 -7.70054160 -7.41596344 0.9998580821700831
187.0 0.28434376 -7.69928724 -7.41494348 0.9998575946507233
188.0 0.28410920 -7.69804057 -7.41393137 0.9998571086174586
189.0 0.28387466 -7.69680168 -7.41292702 0.9998566240542822
190.0 0.28364031 -7.69557063 -7.41193032 0.9998561409453887
191.0 0.28340628 -7.69434746 -7.41094117 0.9998556592751807
192.0 0.28317274 -7.69313224 -7.40995950 0.9998551790282562
193.0 0.28293985 -7.69192505 -7.40898520 0.9998547001894066
194.0 0.28270778 -7.69072599 -7.40801821 0.9998542227436048
195.0 0.28247667 -7.68953510 -7.40705843 0.9998537466760086
196.0 0.28224669 -7.68835247 -7.40610578 0.9998532719719578
197.0 0.28201802 -7.68717818 -7.40516016 0.9998527986169645
198.0 0.28179076 -7.68601224 -7.40422149 0.9998523265967229
199.0 0.28156506 -7.68485472 -7.40328965 0.9998518558971057
200.0 0.28134110 -7.68370567 -7.40236457 0.9998513865041587
