#Time Kinetic_e Potential_e Total_e Norm
0.0 0.00000000 -7.62081421 -7.62081421 1.0
1.0 0.00008012 -7.62089436 -7.62081424 1.0000000000000007
2.0 0.00032019 -7.62113447 -7.62081427 0.9999999999999992
3.0 0.00071960 -7.62153388 -7.62081428 0.9999999999999967
4.0 0.00127739 -7.62209164 -7.62081425 0.9999999999999967
5.0 0.00199239 -7.62280657 -7.62081418 0.9999999999999969
6.0 0.00286281 -7.62367685 -7.62081404 0.9999999999999954
7.0 0.00388667 -7.62470050 -7.62081384 0.9999999999999931
8.0 0.00506146 -7.62587501 -7.62081355 0.9999999999999928
9.0 0.00638457 -7.62719774 -7.62081317 0.9999999999999946
10.0 0.00785258 -7.62866528 -7.62081270 0.9999999999999958
11.0 0.00946211 -7.63027422 -7.62081210 0.9999999999999971
12.0 0.01120954 -7.63202093 -7.62081139 0.9999999999999963
13.0 0.01309103 -7.63390156 -7.62081052 0.9999999999999957
14.0 0.01510242 -7.63591195 -7.62080953 0.9999999999999961
15.0 0.01723912 -7.63804748 -7.62080836 0.9999999999999966
16.0 0.01949666 -7.64030371 -7.62080706 0.9999999999999968
17.0 0.02186964 -7.64267523 -7.62080559 0.9999999999999959
18.0 0.02435327 -7.64515720 -7.62080393 0.9999999999999968
19.0 0.02694238 -7.64774446 -7.62080209 0.9999999999999944
20.0 0.02963204 -7.65043208 -7.62080003 0.9999999999999931
21.0 0.03241656 -7.65321439 -7.62079783 0.999999999999992
22.0 0.03528989 -7.65608532 -7.62079543 0.9999999999999916
23.0 0.03824638 -7.65903922 -7.62079284 0.9999999999999916
24.0 0.04128097 -7.66207094 -7.62078997 0.999999999999992
25.0 0.04438878 -7.66517570 -7.62078691 0.9999999999999923
26.0 0.04756340 -7.66834707 -7.62078367 0.999999999999993
27.0 0.05079923 -7.67157945 -7.62078021 0.9999999999999918
28.0 0.05409034 -7.67486689 -7.62077655 0.9999999999999908
29.0 0.05743171 -7.67820436 -7.62077265 0.9999999999999912
30.0 0.06081735 -7.68158594 -7.62076859 0.9999999999999897
31.0 0.06424156 -7.68500585 -7.62076429 0.9999999999999899
32.0 0.06769924 -7.68845903 -7.62075979 0.9999999999999903
33.0 0.07118583 -7.69194083 -7.62075500 0.9999999999999907
34.0 0.07469719 -7.69544722 -7.62075003 0.9999999999999915
35.0 0.07822742 -7.69897231 -7.62074489 0.9999999999999925
36.0 0.08177145 -7.70251101 -7.62073956 0.9999999999999925
37.0 0.08532406 -7.70605811 -7.62073405 0.9999999999999947
38.0 0.08888127 -7.70960959 -7.62072832 0.999999999999991
39.0 0.09243879 -7.71316120 -7.62072241 0.9999999999999934
40.0 0.09599287 -7.71670914 -7.62071627 0.9999999999999938
41.0 0.09953972 -7.72024972 -7.62071000 0.999999999999991
42.0 0.10307518 -7.72377870 -7.62070352 0.9999999999999886
43.0 0.10659612 -7.72729301 -7.62069690 0.9999999999999878
44.0 0.11009854 -7.73078866 -7.62069012 0.999999999999988
45.0 0.11357981 -7.73426297 -7.62068315 0.9999999999999861
46.0 0.11703682 -7.73771290 -7.62067607 0.9999999999999841
47.0 0.12046656 -7.74113540 -7.62066884 0.9999999999999847
48.0 0.12386622 -7.74452772 -7.62066151 0.9999999999999838
49.0 0.12723328 -7.74788728 -7.62065400 0.9999999999999853
50.0 0.13056617 -7.75121257 -7.62064640 0.9999999999999852
51.0 0.13386188 -7.75450059 -7.62063871 0.999999999999988
52.0 0.13711877 -7.75774968 -7.62063090 0.9999999999999853
53.0 0.14033496 -7.76095796 -7.62062300 0.9999999999999856
54.0 0.14350978 -7.76412472 -7.62061494 0.999999999999987
55.0 0.14664215 -7.76724900 -7.62060685 0.9999999999999877
56.0 0.14972975 -7.77032846 -7.62059871 0.9999999999999875
57.0 0.15277091 -7.77336147 -7.62059056 0.9999999999999889
58.0 0.15576398 -7.77634630 -7.62058232 0.99999999999999
59.0 0.15870972 -7.77928369 -7.62057397 0.9999999999999892
60.0 0.16160699 -7.78217263 -7.62056564 0.9999999999999913
61.0 0.16445502 -7.78501227 -7.62055725 0.9999999999999934
62.0 0.16725303 -7.78780191 -7.62054889 0.9999999999999925
63.0 0.17000053 -7.79054098 -7.62054045 0.9999999999999934
64.0 0.17269817 -7.79323017 -7.62053200 0.9999999999999962
65.0 0.17534497 -7.79586854 -7.62052358 0.9999999999999958
66.0 0.17794070 -7.79845587 -7.62051517 0.9999999999999978
67.0 0.18048475 -7.80099153 -7.62050678 0.9999999999999974
68.0 0.18297814 -7.80347646 -7.62049832 0.999999999999999
69.0 0.18542136 -7.80591130 -7.62048994 0.9999999999999984
70.0 0.18781368 -7.80829527 -7.62048159 0.9999999999999987
71.0 0.19015536 -7.81062865 -7.62047330 0.9999999999999959
72.0 0.19244599 -7.81291103 -7.62046504 0.9999999999999964
73.0 0.19468682 -7.81514359 -7.62045677 0.9999999999999972
74.0 0.19687842 -7.81732701 -7.62044859 0.9999999999999968
75.0 0.19902094 -7.81946136 -7.62044043 0.9999999999999949
76.0 0.20111516 -7.82154749 -7.62043234 0.9999999999999942
77.0 0.20316125 -7.82358554 -7.62042429 0.9999999999999925
78.0 0.20516062 -7.82557690 -7.62041628 0.9999999999999916
79.0 0.20711321 -7.82752160 -7.62040839 0.9999999999999913
80.0 0.20901941 -7.82941995 -7.62040053 0.9999999999999923
81.0 0.21088016 -7.83127293 -7.62039277 0.9999999999999929
82.0 0.21269589 -7.83308094 -7.62038505 0.9999999999999926
83.0 0.21446806 -7.83484546 -7.62037740 0.9999999999999926
84.0 0.21619677 -7.83656663 -7.62036986 0.9999999999999912
85.0 0.21788274 -7.83824511 -7.62036238 0.9999999999999913
86.0 0.21952660 -7.83988160 -7.62035500 0.999999999999995
87.0 0.22112921 -7.84147688 -7.62034766 0.9999999999999954
88.0 0.22269177 -7.84303221 -7.62034043 0.9999999999999958
89.0 0.22421436 -7.84454766 -7.62033329 0.9999999999999936
90.0 0.22569836 -7.84602457 -7.62032620 0.9999999999999968
91.0 0.22714445 -7.84746367 -7.62031923 0.9999999999999966
92.0 0.22855349 -7.84886579 -7.62031230 0.9999999999999952
93.0 0.22992663 -7.85023211 -7.62030548 0.9999999999999956
94.0 0.23126368 -7.85156247 -7.62029879 0.9999999999999948
95.0 0.23256560 -7.85285775 -7.62029216 0.9999999999999938
96.0 0.23383300 -7.85411864 -7.62028564 0.9999999999999949
97.0 0.23506677 -7.85534594 -7.62027917 0.999999999999993
98.0 0.23626802 -7.85654083 -7.62027281 0.9999999999999932
99.0 0.23743697 -7.85770352 -7.62026655 0.9999999999999951
100.0 0.23857466 -7.85883501 -7.62026036 0.9999999999999957
101.0 0.23968168 -7.85993595 -7.62025427 0.999999999999997
102.0 0.24075880 -7.86100705 -7.62024825 0.9999999999999976
103.0 0.24180694 -7.86204928 -7.62024234 0.9999999999999991
104.0 0.24282600 -7.86306255 -7.62023655 1.0000000000000004
105.0 0.24381680 -7.86404762 -7.62023082 1.0000000000000007
106.0 0.24478010 -7.86500529 -7.62022519 0.9999999999999997
107.0 0.24571672 -7.86593634 -7.62021962 0.9999999999999997
108.0 0.24662782 -7.86684195 -7.62021413 0.9999999999999978
109.0 0.24751358 -7.86772234 -7.62020875 0.9999999999999967
110.0 0.24837462 -7.86857807 -7.62020345 0.9999999999999991
111.0 0.24921141 -7.86940966 -7.62019825 0.999999999999999
112.0 0.25002460 -7.87021772 -7.62019312 0.9999999999999979
113.0 0.25081506 -7.87100314 -7.62018807 0.9999999999999978
114.0 0.25158286 -7.87176599 -7.62018314 0.999999999999997
115.0 0.25232864 -7.87250690 -7.62017826 0.9999999999999968
116.0 0.25305299 -7.87322648 -7.62017349 0.9999999999999963
117.0 0.25375650 -7.87392527 -7.62016877 0.9999999999999964
118.0 0.25444024 -7.87460437 -7.62016413 0.9999999999999974
119.0 0.25510425 -7.87526385 -7.62015959 0.9999999999999992
120.0 0.25574891 -7.87590404 -7.62015513 0.9999999999999987
121.0 0.25637481 -7.87652556 -7.62015075 0.9999999999999988
122.0 0.25698240 -7.87712885 -7.62014645 0.9999999999999958
123.0 0.25757245 -7.87771466 -7.62014221 0.9999999999999951
124.0 0.25814530 -7.87828336 -7.62013806 0.9999999999999946
125.0 0.25870119 -7.87883518 -7.62013399 0.9999999999999932
126.0 0.25924070 -7.87937069 -7.62012999 0.9999999999999903
127.0 0.25976441 -7.87989046 -7.62012605 0.999999999999989
128.0 0.26027296 -7.88039514 -7.62012219 0.9999999999999873
129.0 0.26076667 -7.88088508 -7.62011840 0.999999999999986
130.0 0.26124566 -7.88136036 -7.62011470 0.9999999999999851
131.0 0.26171030 -7.88182137 -7.62011107 0.9999999999999813
132.0 0.26216096 -7.88226847 -7.62010751 0.9999999999999823
133.0 0.26259817 -7.88270218 -7.62010401 0.9999999999999806
134.0 0.26302241 -7.88312298 -7.62010058 0.9999999999999784
135.0 0.26343374 -7.88353097 -7.62009723 0.9999999999999797
136.0 0.26383253 -7.88392647 -7.62009394 0.9999999999999793
137.0 0.26421917 -7.88430989 -7.62009072 0.9999999999999793
138.0 0.26459402 -7.88468157 -7.62008755 0.9999999999999788
139.0 0.26495757 -7.88504202 -7.62008445 0.9999999999999782
140.0 0.26530997 -7.88539139 -7.62008142 0.999999999999978
141.0 0.26565145 -7.88572991 -7.62007846 0.9999999999999779
142.0 0.26598234 -7.88605789 -7.62007555 0.99999999999998
143.0 0.26630294 -7.88637564 -7.62007270 0.999999999999979
144.0 0.26661362 -7.88668353 -7.62006991 0.9999999999999792
145.0 0.26691444 -7.88698163 -7.62006719 0.9999999999999789
146.0 0.26720559 -7.88727012 -7.62006452 0.9999999999999796
147.0 0.26748742 -7.88754933 -7.62006191 0.9999999999999793
148.0 0.26776021 -7.88781956 -7.62005935 0.9999999999999788
149.0 0.26802450 -7.88808132 -7.62005682 0.9999999999999771
150.0 0.26828048 -7.88833485 -7.62005437 0.9999999999999776
151.0 0.26852819 -7.88858016 -7.62005197 0.9999999999999784
152.0 0.26876793 -7.88881755 -7.62004962 0.9999999999999788
153.0 0.26899980 -7.88904712 -7.62004732 0.9999999999999789
154.0 0.26922408 -7.88926914 -7.62004506 0.9999999999999793
155.0 0.26944104 -7.88948390 -7.62004286 0.9999999999999787
156.0 0.26965063 -7.88969135 -7.62004072 0.9999999999999821
157.0 0.26985300 -7.88989163 -7.62003863 0.999999999999983
158.0 0.27004837 -7.89008494 -7.62003658 0.9999999999999843
159.0 0.27023690 -7.89027146 -7.62003457 0.9999999999999832
160.0 0.27041892 -7.89045152 -7.62003260 0.9999999999999856
161.0 0.27059456 -7.89062524 -7.62003068 0.9999999999999849
162.0 0.27076394 -7.89079273 -7.62002880 0.9999999999999853
163.0 0.27092728 -7.89095423 -7.62002695 0.9999999999999832
164.0 0.27108479 -7.89110994 -7.62002515 0.9999999999999839
165.0 0.27123673 -7.89126011 -7.62002338 0.9999999999999836
166.0 0.27138317 -7.89140483 -7.62002166 0.9999999999999845
167.0 0.27152412 -7.89154410 -7.62001998 0.9999999999999837
168.0 0.27165969 -7.89167803 -7.62001834 0.999999999999985
169.0 0.27179000 -7.89180674 -7.62001674 0.9999999999999842
170.0 0.27191532 -7.89193048 -7.62001516 0.9999999999999855
171.0 0.27203585 -7.89204947 -7.62001362 0.9999999999999862
172.0 0.27215158 -7.89216370 -7.62001212 0.9999999999999863
173.0 0.27226270 -7.89227334 -7.62001064 0.9999999999999862
174.0 0.27236933 -7.89237854 -7.62000921 0.9999999999999847
175.0 0.27247166 -7.89247945 -7.62000779 0.9999999999999848
176.0 0.27256996 -7.89257636 -7.62000640 0.9999999999999847
177.0 0.27266423 -7.89266928 -7.62000505 0.9999999999999858
178.0 0.27275454 -7.89275827 -7.62000373 0.9999999999999886
179.0 0.27284099 -7.89284343 -7.62000244 0.9999999999999893
180.0 0.27292365 -7.89292483 -7.62000118 0.9999999999999868
181.0 0.27300275 -7.89300269 -7.61999994 0.9999999999999866
182.0 0.27307838 -7.89307711 -7.61999873 0.9999999999999871
183.0 0.27315059 -7.89314813 -7.61999755 0.9999999999999862
184.0 0.27321944 -7.89321583 -7.61999639 0.9999999999999855
185.0 0.27328496 -7.89328022 -7.61999526 0.9999999999999858
186.0 0.27334729 -7.89334144 -7.61999415 0.9999999999999831
187.0 0.27340651 -7.89339959 -7.61999307 0.9999999999999829
188.0 0.27346261 -7.89345463 -7.61999202 0.9999999999999826
189.0 0.27351565 -7.89350664 -7.61999099 0.9999999999999833
190.0 0.27356561 -7.89355560 -7.61998999 0.9999999999999856
191.0 0.27361261 -7.89360162 -7.61998900 0.9999999999999836
192.0 0.27365684 -7.89364487 -7.61998803 0.999999999999984
193.0 0.27369828 -7.89368538 -7.61998709 0.9999999999999842
194.0 0.27373702 -7.89372318 -7.61998617 0.9999999999999839
195.0 0.27377308 -7.89375835 -7.61998527 0.9999999999999836
196.0 0.27380651 -7.89379090 -7.61998438 0.9999999999999829
197.0 0.27383747 -7.89382098 -7.61998352 0.9999999999999833
198.0 0.27386599 -7.89384866 -7.61998267 0.9999999999999823
199.0 0.27389206 -7.89387391 -7.61998185 0.9999999999999812
200.0 0.27391571 -7.89389675 -7.61998104 0.9999999999999784
