# Time Pop_0 Pop_1 Pop_2 Pop_3 Pop_4
0.0 0.000000 1.000000 0.000000 0.000000 0.000000
1.0 0.000000 1.000000 0.000000 0.000000 0.000000
2.0 0.000000 1.000000 0.000000 0.000000 0.000000
3.0 0.000000 0.999999 0.000000 0.000000 0.000000
4.0 0.000000 0.999995 0.000000 0.000000 0.000000
5.0 0.000000 0.999988 0.000000 0.000000 0.000000
6.0 0.000000 0.999976 0.000000 0.000001 0.000001
7.0 0.000000 0.999955 0.000000 0.000002 0.000001
8.0 0.000000 0.999924 0.000001 0.000003 0.000002
9.0 0.000000 0.999880 0.000001 0.000005 0.000004
10.0 0.000000 0.999818 0.000001 0.000009 0.000006
11.0 0.000001 0.999733 0.000002 0.000014 0.000010
12.0 0.000001 0.999622 0.000003 0.000020 0.000014
13.0 0.000002 0.999479 0.000004 0.000030 0.000019
14.0 0.000002 0.999302 0.000006 0.000042 0.000025
15.0 0.000004 0.999084 0.000007 0.000057 0.000033
16.0 0.000005 0.998822 0.000009 0.000076 0.000042
17.0 0.000007 0.998509 0.000011 0.000100 0.000052
18.0 0.000009 0.998136 0.000014 0.000128 0.000064
19.0 0.000013 0.997700 0.000017 0.000161 0.000077
20.0 0.000017 0.997194 0.000020 0.000199 0.000093
21.0 0.000022 0.996618 0.000024 0.000243 0.000111
22.0 0.000027 0.995964 0.000028 0.000292 0.000132
23.0 0.000035 0.995229 0.000033 0.000345 0.000156
24.0 0.000043 0.994397 0.000037 0.000403 0.000183
25.0 0.000053 0.993472 0.000042 0.000464 0.000213
26.0 0.000065 0.992451 0.000047 0.000529 0.000246
27.0 0.000078 0.991329 0.000052 0.000594 0.000281
28.0 0.000093 0.990110 0.000058 0.000660 0.000319
29.0 0.000110 0.988785 0.000063 0.000726 0.000360
30.0 0.000129 0.987362 0.000068 0.000789 0.000402
31.0 0.000150 0.985821 0.000073 0.000848 0.000445
32.0 0.000172 0.984169 0.000077 0.000903 0.000491
33.0 0.000197 0.982387 0.000081 0.000951 0.000539
34.0 0.000224 0.980499 0.000084 0.000991 0.000590
35.0 0.000253 0.978506 0.000087 0.001023 0.000644
36.0 0.000283 0.976403 0.000089 0.001046 0.000701
37.0 0.000315 0.974187 0.000090 0.001059 0.000762
38.0 0.000348 0.971848 0.000091 0.001061 0.000826
39.0 0.000382 0.969395 0.000090 0.001053 0.000892
40.0 0.000416 0.966811 0.000089 0.001035 0.000961
41.0 0.000452 0.964124 0.000087 0.001007 0.001031
42.0 0.000488 0.961322 0.000084 0.000969 0.001101
43.0 0.000524 0.958417 0.000079 0.000924 0.001172
44.0 0.000559 0.955412 0.000075 0.000871 0.001242
45.0 0.000594 0.952283 0.000069 0.000812 0.001312
46.0 0.000628 0.949052 0.000063 0.000748 0.001380
47.0 0.000661 0.945710 0.000057 0.000681 0.001448
48.0 0.000693 0.942284 0.000050 0.000611 0.001517
49.0 0.000724 0.938747 0.000043 0.000541 0.001587
50.0 0.000753 0.935121 0.000036 0.000471 0.001659
51.0 0.000780 0.931403 0.000030 0.000403 0.001732
52.0 0.000806 0.927578 0.000025 0.000338 0.001806
53.0 0.000830 0.923669 0.000020 0.000276 0.001880
54.0 0.000853 0.919654 0.000016 0.000220 0.001953
55.0 0.000874 0.915583 0.000014 0.000168 0.002024
56.0 0.000893 0.911444 0.000014 0.000124 0.002092
57.0 0.000911 0.907263 0.000016 0.000087 0.002157
58.0 0.000928 0.903008 0.000020 0.000058 0.002217
59.0 0.000945 0.898674 0.000027 0.000038 0.002274
60.0 0.000961 0.894304 0.000036 0.000029 0.002328
61.0 0.000977 0.889857 0.000049 0.000031 0.002380
62.0 0.000993 0.885381 0.000065 0.000045 0.002431
63.0 0.001010 0.880847 0.000085 0.000074 0.002483
64.0 0.001029 0.876279 0.000109 0.000117 0.002537
65.0 0.001050 0.871679 0.000137 0.000176 0.002590
66.0 0.001073 0.867042 0.000170 0.000253 0.002643
67.0 0.001098 0.862376 0.000206 0.000350 0.002693
68.0 0.001127 0.857648 0.000247 0.000467 0.002739
69.0 0.001159 0.852932 0.000293 0.000606 0.002782
70.0 0.001196 0.848197 0.000344 0.000769 0.002821
71.0 0.001237 0.843457 0.000399 0.000955 0.002856
72.0 0.001284 0.838714 0.000459 0.001166 0.002887
73.0 0.001336 0.833932 0.000523 0.001402 0.002915
74.0 0.001394 0.829161 0.000592 0.001664 0.002941
75.0 0.001459 0.824365 0.000665 0.001951 0.002966
76.0 0.001530 0.819575 0.000742 0.002264 0.002990
77.0 0.001607 0.814777 0.000823 0.002600 0.003015
78.0 0.001691 0.809975 0.000907 0.002957 0.003039
79.0 0.001782 0.805223 0.000995 0.003335 0.003064
80.0 0.001879 0.800467 0.001086 0.003730 0.003087
81.0 0.001982 0.795752 0.001180 0.004142 0.003106
82.0 0.002090 0.791052 0.001275 0.004568 0.003120
83.0 0.002205 0.786373 0.001373 0.005005 0.003129
84.0 0.002324 0.781755 0.001474 0.005450 0.003134
85.0 0.002449 0.777174 0.001576 0.005900 0.003135
86.0 0.002579 0.772662 0.001680 0.006353 0.003132
87.0 0.002713 0.768174 0.001785 0.006803 0.003127
88.0 0.002851 0.763753 0.001891 0.007252 0.003119
89.0 0.002992 0.759380 0.001997 0.007697 0.003111
90.0 0.003136 0.755034 0.002104 0.008137 0.003102
91.0 0.003281 0.750776 0.002212 0.008570 0.003093
92.0 0.003428 0.746548 0.002321 0.008992 0.003083
93.0 0.003576 0.742405 0.002430 0.009404 0.003072
94.0 0.003724 0.738353 0.002540 0.009807 0.003060
95.0 0.003874 0.734352 0.002650 0.010200 0.003044
96.0 0.004022 0.730436 0.002762 0.010587 0.003025
97.0 0.004170 0.726560 0.002874 0.010964 0.003001
98.0 0.004316 0.722750 0.002988 0.011335 0.002972
99.0 0.004460 0.719003 0.003103 0.011699 0.002940
100.0 0.004604 0.715297 0.003218 0.012056 0.002906
101.0 0.004747 0.711669 0.003336 0.012410 0.002872
102.0 0.004890 0.708069 0.003455 0.012760 0.002837
103.0 0.005033 0.704537 0.003575 0.013110 0.002804
104.0 0.005175 0.701076 0.003696 0.013459 0.002768
105.0 0.005319 0.697634 0.003818 0.013807 0.002728
106.0 0.005464 0.694249 0.003942 0.014153 0.002678
107.0 0.005611 0.690878 0.004067 0.014499 0.002605
108.0 0.005760 0.687541 0.004194 0.014843 0.002485
109.0 0.005913 0.684257 0.004321 0.015183 0.002273
110.0 0.006071 0.681001 0.004451 0.015520 0.001903
111.0 0.006236 0.677806 0.004582 0.015848 0.001383
112.0 0.006409 0.674628 0.004713 0.016167 0.000871
113.0 0.006589 0.671503 0.004846 0.016473 0.000498
114.0 0.006777 0.668422 0.004978 0.016762 0.000261
115.0 0.006976 0.665341 0.005112 0.017031 0.000119
116.0 0.007187 0.662317 0.005245 0.017279 0.000039
117.0 0.007411 0.659294 0.005379 0.017501 0.000006
118.0 0.007649 0.656295 0.005511 0.017690 0.000009
119.0 0.007902 0.653359 0.005643 0.017845 0.000044
120.0 0.008172 0.650430 0.005775 0.017960 0.000110
121.0 0.008459 0.647541 0.005904 0.018035 0.000206
122.0 0.008766 0.644680 0.006034 0.018071 0.000333
123.0 0.009092 0.641829 0.006161 0.018063 0.000492
124.0 0.009436 0.639013 0.006289 0.018009 0.000685
125.0 0.009801 0.636214 0.006415 0.017903 0.000913
126.0 0.010186 0.633431 0.006539 0.017746 0.001177
127.0 0.010594 0.630662 0.006663 0.017538 0.001478
128.0 0.011025 0.627901 0.006784 0.017280 0.001814
129.0 0.011476 0.625163 0.006907 0.016975 0.002189
130.0 0.011950 0.622431 0.007029 0.016625 0.002599
131.0 0.012445 0.619698 0.007151 0.016235 0.003045
132.0 0.012962 0.616974 0.007274 0.015809 0.003524
133.0 0.013501 0.614228 0.007396 0.015346 0.004032
134.0 0.014061 0.611486 0.007521 0.014853 0.004569
135.0 0.014640 0.608754 0.007646 0.014335 0.005128
136.0 0.015239 0.605991 0.007773 0.013799 0.005707
137.0 0.015857 0.603226 0.007904 0.013253 0.006300
138.0 0.016499 0.600434 0.008038 0.012703 0.006903
139.0 0.017162 0.597615 0.008177 0.012157 0.007510
140.0 0.017846 0.594796 0.008320 0.011617 0.008116
141.0 0.018552 0.591952 0.008468 0.011087 0.008718
142.0 0.019277 0.589098 0.008621 0.010569 0.009311
143.0 0.020023 0.586219 0.008779 0.010066 0.009893
144.0 0.020792 0.583330 0.008943 0.009581 0.010460
145.0 0.021583 0.580440 0.009110 0.009115 0.011009
146.0 0.022394 0.577515 0.009282 0.008670 0.011537
147.0 0.023230 0.574578 0.009459 0.008247 0.012041
148.0 0.024089 0.571601 0.009639 0.007847 0.012519
149.0 0.024973 0.568581 0.009823 0.007470 0.012969
150.0 0.025887 0.565571 0.010012 0.007118 0.013392
151.0 0.026829 0.562534 0.010201 0.006789 0.013786
152.0 0.027799 0.559482 0.010388 0.006483 0.014148
153.0 0.028801 0.556438 0.010571 0.006206 0.014480
154.0 0.029835 0.553364 0.010738 0.005962 0.014778
155.0 0.030904 0.550293 0.010880 0.005763 0.015043
156.0 0.032015 0.547224 0.010980 0.005630 0.015278
157.0 0.033164 0.544119 0.010997 0.005597 0.015479
158.0 0.034355 0.540992 0.010847 0.005751 0.015651
159.0 0.035591 0.537827 0.010288 0.006335 0.015793
160.0 0.036872 0.534619 0.008417 0.008246 0.015904
161.0 0.038203 0.531383 0.002424 0.014297 0.015988
162.0 0.039588 0.528102 0.000079 0.016714 0.016044
163.0 0.041024 0.524775 0.000707 0.016173 0.016078
164.0 0.042515 0.521394 0.001029 0.015953 0.016093
165.0 0.044064 0.517959 0.001141 0.015956 0.016091
166.0 0.045676 0.514479 0.001148 0.016081 0.016076
167.0 0.047359 0.510933 0.001102 0.016275 0.016048
168.0 0.049113 0.507323 0.001026 0.016515 0.016008
169.0 0.050943 0.503639 0.000935 0.016789 0.015958
170.0 0.052847 0.499852 0.000836 0.017084 0.015897
171.0 0.054830 0.495987 0.000734 0.017403 0.015830
172.0 0.056895 0.492031 0.000634 0.017738 0.015758
173.0 0.059040 0.487967 0.000536 0.018088 0.015683
174.0 0.061269 0.483818 0.000443 0.018453 0.015608
175.0 0.063582 0.479554 0.000356 0.018829 0.015528
176.0 0.065977 0.475179 0.000276 0.019219 0.015443
177.0 0.068467 0.470716 0.000203 0.019623 0.015354
178.0 0.071053 0.466134 0.000141 0.020040 0.015255
179.0 0.073738 0.461444 0.000088 0.020475 0.015147
180.0 0.076527 0.456638 0.000047 0.020923 0.015028
181.0 0.079414 0.451700 0.000018 0.021389 0.014896
182.0 0.082402 0.446661 0.000002 0.021869 0.014752
183.0 0.085491 0.441507 0.000002 0.022362 0.014595
184.0 0.088684 0.436253 0.000018 0.022870 0.014423
185.0 0.091980 0.430897 0.000051 0.023388 0.014236
186.0 0.095376 0.425420 0.000104 0.023917 0.014030
187.0 0.098876 0.419852 0.000179 0.024458 0.013806
188.0 0.102475 0.414175 0.000279 0.025007 0.013561
189.0 0.106177 0.408388 0.000404 0.025564 0.013296
190.0 0.109985 0.402500 0.000557 0.026131 0.013016
191.0 0.113886 0.396478 0.000741 0.026704 0.012718
192.0 0.117879 0.390346 0.000958 0.027281 0.012408
193.0 0.121955 0.384122 0.001211 0.027861 0.012088
194.0 0.126100 0.377788 0.001504 0.028435 0.011756
195.0 0.130319 0.371373 0.001842 0.029007 0.011419
196.0 0.134603 0.364864 0.002228 0.029574 0.011075
197.0 0.138940 0.358250 0.002668 0.030132 0.010729
198.0 0.143327 0.351561 0.003166 0.030689 0.010385
199.0 0.147753 0.344779 0.003728 0.031240 0.010042
200.0 0.152206 0.337901 0.004359 0.031789 0.009707
