#Time E_0 E_1 E_2 E_3 E_4
0.0 -7.73550144 -7.62081421 -7.49483190 -7.44321748 -7.19573677
1.0 -7.73550364 -7.62081408 -7.49483178 -7.44321704 -7.19576355
2.0 -7.73551161 -7.62081406 -7.49483183 -7.44321595 -7.19585656
3.0 -7.73552670 -7.62081559 -7.49483356 -7.44321568 -7.19601754
4.0 -7.73555113 -7.62082113 -7.49483955 -7.44321874 -7.19624889
5.0 -7.73558802 -7.62083413 -7.49485343 -7.44322866 -7.19655404
6.0 -7.73564142 -7.62085905 -7.49487987 -7.44324999 -7.19693733
7.0 -7.73571622 -7.62090129 -7.49492457 -7.44328825 -7.19740408
8.0 -7.73581818 -7.62096721 -7.49499419 -7.44334993 -7.19796048
9.0 -7.73595389 -7.62106405 -7.49509635 -7.44344242 -7.19861359
10.0 -7.73613070 -7.62119994 -7.49523958 -7.44357402 -7.19937132
11.0 -7.73635674 -7.62138379 -7.49543326 -7.44375385 -7.20024230
12.0 -7.73664084 -7.62162533 -7.49568762 -7.44399181 -7.20123592
13.0 -7.73699250 -7.62193497 -7.49601360 -7.44429857 -7.20236220
14.0 -7.73742183 -7.62232383 -7.49642290 -7.44468543 -7.20363176
15.0 -7.73793953 -7.62280362 -7.49692783 -7.44516438 -7.20505577
16.0 -7.73855680 -7.62338660 -7.49754128 -7.44574790 -7.20664585
17.0 -7.73928531 -7.62408551 -7.49827669 -7.44644901 -7.20841402
18.0 -7.74013714 -7.62491353 -7.49914790 -7.44728113 -7.21037260
19.0 -7.74112469 -7.62588417 -7.50016915 -7.44825805 -7.21253420
20.0 -7.74226067 -7.62701124 -7.50135497 -7.44939384 -7.21491157
21.0 -7.74355799 -7.62830874 -7.50272012 -7.45070275 -7.21751756
22.0 -7.74502972 -7.62979083 -7.50427950 -7.45219920 -7.22036506
23.0 -7.74668900 -7.63147169 -7.50604807 -7.45389764 -7.22346689
24.0 -7.74854902 -7.63336553 -7.50804077 -7.45581249 -7.22683573
25.0 -7.75062288 -7.63548643 -7.51027249 -7.45795808 -7.23048408
26.0 -7.75292360 -7.63784834 -7.51275789 -7.46034855 -7.23442414
27.0 -7.75546400 -7.64046493 -7.51551141 -7.46299778 -7.23866775
28.0 -7.75825663 -7.64334958 -7.51854715 -7.46591932 -7.24322635
29.0 -7.76131372 -7.64651526 -7.52187879 -7.46912629 -7.24811085
30.0 -7.76464712 -7.64997449 -7.52551951 -7.47263133 -7.25333161
31.0 -7.76826820 -7.65373924 -7.52948196 -7.47644650 -7.25889838
32.0 -7.77218783 -7.65782087 -7.53377808 -7.48058323 -7.26482018
33.0 -7.77641624 -7.66223008 -7.53841916 -7.48505223 -7.27110529
34.0 -7.78096306 -7.66697681 -7.54341565 -7.48986346 -7.27776119
35.0 -7.78583717 -7.67207022 -7.54877718 -7.49502600 -7.28479449
36.0 -7.79104668 -7.67751860 -7.55451244 -7.50054805 -7.29221087
37.0 -7.79659885 -7.68332930 -7.56062914 -7.50643684 -7.30001505
38.0 -7.80250009 -7.68950872 -7.56713395 -7.51269858 -7.30821075
39.0 -7.80875583 -7.69606225 -7.57403244 -7.51933843 -7.31680063
40.0 -7.81537054 -7.70299421 -7.58132904 -7.52636041 -7.32578628
41.0 -7.82234768 -7.71030781 -7.58902702 -7.53376743 -7.33516818
42.0 -7.82968963 -7.71800517 -7.59712841 -7.54156120 -7.34494568
43.0 -7.83739769 -7.72608722 -7.60563399 -7.54974224 -7.35511697
44.0 -7.84547202 -7.73455373 -7.61454326 -7.55830983 -7.36567909
45.0 -7.85391168 -7.74340327 -7.62385446 -7.56726203 -7.37662789
46.0 -7.86271453 -7.75263323 -7.63356448 -7.57659563 -7.38795807
47.0 -7.87187732 -7.76223979 -7.64366894 -7.58630620 -7.39966314
48.0 -7.88139561 -7.77221793 -7.65416215 -7.59638808 -7.41173547
49.0 -7.89126378 -7.78256145 -7.66503711 -7.60683436 -7.42416628
50.0 -7.90147512 -7.79326298 -7.67628558 -7.61763698 -7.43694570
51.0 -7.91202174 -7.80431402 -7.68789805 -7.62878667 -7.45006273
52.0 -7.92289469 -7.81570496 -7.69986381 -7.64027307 -7.46350538
53.0 -7.93408392 -7.82742509 -7.71217100 -7.65208471 -7.47726060
54.0 -7.94557837 -7.83946270 -7.72480660 -7.66420912 -7.49131443
55.0 -7.95736601 -7.85180510 -7.73775659 -7.67663284 -7.50565198
56.0 -7.96943385 -7.86443868 -7.75100592 -7.68934151 -7.52025755
57.0 -7.98176805 -7.87734894 -7.76453860 -7.70231993 -7.53511463
58.0 -7.99435394 -7.89052060 -7.77833781 -7.71555213 -7.55020601
59.0 -8.00717612 -7.90393763 -7.79238594 -7.72902145 -7.56551385
60.0 -8.02021851 -7.91758335 -7.80666469 -7.74271063 -7.58101975
61.0 -8.03346445 -7.93144052 -7.82115518 -7.75660190 -7.59670482
62.0 -8.04689676 -7.94549136 -7.83583800 -7.77067703 -7.61254978
63.0 -8.06049781 -7.95971770 -7.85069332 -7.78491748 -7.62853505
64.0 -8.07424963 -7.97410101 -7.86570099 -7.79930441 -7.64464078
65.0 -8.08813397 -7.98862251 -7.88084065 -7.81381884 -7.66084699
66.0 -8.10213242 -8.00326323 -7.89609175 -7.82844168 -7.67713364
67.0 -8.11622644 -8.01800412 -7.91143375 -7.84315385 -7.69348069
68.0 -8.13039747 -8.03282611 -7.92684612 -7.85793636 -7.70986820
69.0 -8.14462703 -8.04771023 -7.94230849 -7.87277038 -7.72627644
70.0 -8.15889678 -8.06263764 -7.95780071 -7.88763733 -7.74268590
71.0 -8.17318859 -8.07758970 -7.97330293 -7.90251894 -7.75907740
72.0 -8.18748461 -8.09254810 -7.98879566 -7.91739729 -7.77543217
73.0 -8.20176732 -8.10749486 -8.00425989 -7.93225493 -7.79173187
74.0 -8.21601966 -8.12241246 -8.01967709 -7.94707493 -7.80795870
75.0 -8.23022502 -8.13728383 -8.03502936 -7.96184088 -7.82409545
76.0 -8.24436733 -8.15209247 -8.05029939 -7.97653701 -7.84012552
77.0 -8.25843108 -8.16682246 -8.06547059 -7.99114818 -7.85603301
78.0 -8.27240142 -8.18145853 -8.08052710 -8.00565996 -7.87180271
79.0 -8.28626414 -8.19598607 -8.09545379 -8.02005862 -7.88742018
80.0 -8.30000570 -8.21039120 -8.11023638 -8.03433118 -7.90287178
81.0 -8.31361330 -8.22466074 -8.12486135 -8.04846544 -7.91814464
82.0 -8.32707487 -8.23878229 -8.13931607 -8.06244996 -7.93322676
83.0 -8.34037910 -8.25274424 -8.15358873 -8.07627412 -7.94810695
84.0 -8.35351545 -8.26653576 -8.16766841 -8.08992809 -7.96277492
85.0 -8.36647416 -8.28014681 -8.18154502 -8.10340287 -7.97722124
86.0 -8.37924623 -8.29356816 -8.19520936 -8.11669025 -7.99143734
87.0 -8.39182342 -8.30679136 -8.20865306 -8.12978281 -8.00541554
88.0 -8.40419830 -8.31980879 -8.22186860 -8.14267395 -8.01914904
89.0 -8.41636415 -8.33261358 -8.23484930 -8.15535785 -8.03263195
90.0 -8.42831504 -8.34519965 -8.24758928 -8.16782947 -8.04585926
91.0 -8.44004575 -8.35756168 -8.26008344 -8.18008452 -8.05882688
92.0 -8.45155175 -8.36969507 -8.27232746 -8.19211947 -8.07153166
93.0 -8.46282925 -8.38159596 -8.28431776 -8.20393150 -8.08397145
94.0 -8.47387507 -8.39326117 -8.29605145 -8.21551851 -8.09614515
95.0 -8.48468672 -8.40468816 -8.30752634 -8.22687908 -8.10805287
96.0 -8.49526228 -8.41587507 -8.31874086 -8.23801244 -8.11969616
97.0 -8.50560043 -8.42682061 -8.32969408 -8.24891848 -8.13107840
98.0 -8.51570041 -8.43752408 -8.34038564 -8.25959772 -8.14220554
99.0 -8.52556201 -8.44798535 -8.35081572 -8.27005127 -8.15308746
100.0 -8.53518548 -8.45820479 -8.36098503 -8.28028084 -8.16374047
101.0 -8.54457158 -8.46818325 -8.37089478 -8.29028872 -8.17419259
102.0 -8.55372148 -8.47792207 -8.38054658 -8.30007774 -8.18449459
103.0 -8.56263679 -8.48742298 -8.38994252 -8.30965126 -8.19474356
104.0 -8.57131947 -8.49668812 -8.39908501 -8.31901319 -8.20512523
105.0 -8.57977186 -8.50571999 -8.40797685 -8.32816792 -8.21593127
106.0 -8.58799662 -8.51452144 -8.41662116 -8.33712038 -8.22737287
107.0 -8.59599668 -8.52309558 -8.42502134 -8.34587595 -8.23930418
108.0 -8.60377528 -8.53144586 -8.43318106 -8.35444054 -8.25140045
109.0 -8.61133589 -8.53957594 -8.44110423 -8.36282050 -8.26342840
110.0 -8.61868221 -8.54748973 -8.44879497 -8.37102268 -8.27526577
111.0 -8.62581813 -8.55519132 -8.45625760 -8.37905436 -8.28685158
112.0 -8.63274772 -8.56268499 -8.46349657 -8.38692325 -8.29815444
113.0 -8.63947520 -8.56997516 -8.47051649 -8.39463751 -8.30915740
114.0 -8.64600492 -8.57706640 -8.47732209 -8.40220562 -8.31985097
115.0 -8.65234137 -8.58396336 -8.48391818 -8.40963644 -8.33022975
116.0 -8.65848909 -8.59067082 -8.49030966 -8.41693905 -8.34029070
117.0 -8.66445274 -8.59719359 -8.49650150 -8.42412273 -8.35003225
118.0 -8.67023702 -8.60353657 -8.50249871 -8.43119681 -8.35945384
119.0 -8.67584670 -8.60970469 -8.50830631 -8.43817056 -8.36855573
120.0 -8.68128655 -8.61570291 -8.51392936 -8.44505298 -8.37733886
121.0 -8.68656141 -8.62153618 -8.51937293 -8.45185268 -8.38580495
122.0 -8.69167609 -8.62720947 -8.52464206 -8.45857765 -8.39395652
123.0 -8.69663540 -8.63272774 -8.52974178 -8.46523506 -8.40179703
124.0 -8.70144417 -8.63809590 -8.53467709 -8.47183112 -8.40933098
125.0 -8.70610718 -8.64331884 -8.53945296 -8.47837090 -8.41656400
126.0 -8.71062918 -8.64840141 -8.54407430 -8.48485830 -8.42350288
127.0 -8.71501491 -8.65334841 -8.54854598 -8.49129597 -8.43015556
128.0 -8.71926904 -8.65816456 -8.55287281 -8.49768541 -8.43653108
129.0 -8.72339621 -8.66285454 -8.55705954 -8.50402705 -8.44263941
130.0 -8.72740099 -8.66742294 -8.56111086 -8.51032039 -8.44849128
131.0 -8.73128790 -8.67187429 -8.56503137 -8.51656425 -8.45409798
132.0 -8.73506141 -8.67621301 -8.56882561 -8.52275690 -8.45947113
133.0 -8.73872588 -8.68044345 -8.57249804 -8.52889633 -8.46462246
134.0 -8.74228565 -8.68456988 -8.57605306 -8.53498040 -8.46956362
135.0 -8.74574496 -8.68859645 -8.57949497 -8.54100699 -8.47430598
136.0 -8.74910798 -8.69252722 -8.58282802 -8.54697415 -8.47886058
137.0 -8.75237880 -8.69636617 -8.58605639 -8.55288016 -8.48323791
138.0 -8.75556143 -8.70011716 -8.58918419 -8.55872356 -8.48744796
139.0 -8.75865982 -8.70378395 -8.59221548 -8.56450324 -8.49150011
140.0 -8.76167781 -8.70737020 -8.59515432 -8.57021836 -8.49540314
141.0 -8.76461919 -8.71087945 -8.59800474 -8.57586833 -8.49916521
142.0 -8.76748765 -8.71431516 -8.60077089 -8.58145275 -8.50279391
143.0 -8.77028680 -8.71768066 -8.60345713 -8.58697119 -8.50629625
144.0 -8.77302017 -8.72097918 -8.60606839 -8.59242289 -8.50967870
145.0 -8.77569123 -8.72421385 -8.60861098 -8.59780583 -8.51294721
146.0 -8.77830334 -8.72738767 -8.61109525 -8.60311413 -8.51610727
147.0 -8.78085980 -8.73050356 -8.61354648 -8.60832706 -8.51916389
148.0 -8.78336383 -8.73356432 -8.61607971 -8.61333421 -8.52212169
149.0 -8.78581857 -8.73657264 -8.61950119 -8.61733404 -8.52498488
150.0 -8.78822708 -8.73953112 -8.62423868 -8.61990350 -8.52775730
151.0 -8.79059235 -8.74244224 -8.62920077 -8.62213874 -8.53044248
152.0 -8.79291731 -8.74530838 -8.63416433 -8.62426760 -8.53304360
153.0 -8.79520479 -8.74813183 -8.63909563 -8.62632852 -8.53556354
154.0 -8.79745757 -8.75091476 -8.64398659 -8.62833422 -8.53800494
155.0 -8.79967834 -8.75365926 -8.64883520 -8.63029129 -8.54037013
156.0 -8.80186975 -8.75636731 -8.65364149 -8.63220425 -8.54266122
157.0 -8.80403436 -8.75904079 -8.65840630 -8.63407670 -8.54488008
158.0 -8.80617465 -8.76168150 -8.66313079 -8.63591184 -8.54702837
159.0 -8.80829305 -8.76429112 -8.66781630 -8.63771258 -8.54910753
160.0 -8.81039194 -8.76687127 -8.67246425 -8.63948170 -8.55111883
161.0 -8.81247360 -8.76942347 -8.67707602 -8.64122184 -8.55306334
162.0 -8.81454027 -8.77194915 -8.68165302 -8.64293556 -8.55494196
163.0 -8.81659411 -8.77444966 -8.68619659 -8.64462534 -8.55675546
164.0 -8.81863723 -8.77692628 -8.69070801 -8.64629358 -8.55850443
165.0 -8.82067166 -8.77938020 -8.69518850 -8.64794261 -8.56018936
166.0 -8.82269938 -8.78181255 -8.69963922 -8.64957473 -8.56181057
167.0 -8.82472230 -8.78422437 -8.70406124 -8.65119212 -8.56336832
168.0 -8.82674226 -8.78661667 -8.70845553 -8.65279693 -8.56486273
169.0 -8.82876103 -8.78899037 -8.71282300 -8.65439124 -8.56629385
170.0 -8.83078033 -8.79134634 -8.71716446 -8.65597702 -8.56766166
171.0 -8.83280179 -8.79368540 -8.72148061 -8.65755619 -8.56896604
172.0 -8.83482699 -8.79600833 -8.72577208 -8.65913059 -8.57020687
173.0 -8.83685743 -8.79831586 -8.73003938 -8.66070197 -8.57138393
174.0 -8.83889454 -8.80060869 -8.73428293 -8.66227197 -8.57249701
175.0 -8.84093967 -8.80288750 -8.73850303 -8.66384215 -8.57354587
176.0 -8.84299411 -8.80515294 -8.74269990 -8.66541397 -8.57453026
177.0 -8.84505908 -8.80740564 -8.74687363 -8.66698877 -8.57544993
178.0 -8.84713569 -8.80964622 -8.75102420 -8.66856781 -8.57630465
179.0 -8.84922501 -8.81187533 -8.75515147 -8.67015222 -8.57709419
180.0 -8.85132802 -8.81409359 -8.75925519 -8.67174300 -8.57781838
181.0 -8.85344561 -8.81630165 -8.76333497 -8.67334106 -8.57847706
182.0 -8.85557861 -8.81850019 -8.76739032 -8.67494718 -8.57907013
183.0 -8.85772776 -8.82068990 -8.77142056 -8.67656203 -8.57959753
184.0 -8.85989374 -8.82287156 -8.77542493 -8.67818615 -8.58005927
185.0 -8.86207714 -8.82504595 -8.77940246 -8.67981998 -8.58045540
186.0 -8.86427848 -8.82721395 -8.78335205 -8.68146383 -8.58078603
187.0 -8.86649821 -8.82937651 -8.78727243 -8.68311792 -8.58105137
188.0 -8.86873670 -8.83153467 -8.79116211 -8.68478233 -8.58125165
189.0 -8.87099428 -8.83368959 -8.79501945 -8.68645707 -8.58138720
190.0 -8.87327120 -8.83584254 -8.79884254 -8.68814202 -8.58145841
191.0 -8.87556763 -8.83799496 -8.80262929 -8.68983700 -8.58146574
192.0 -8.87788372 -8.84014844 -8.80637730 -8.69154170 -8.58140971
193.0 -8.88021953 -8.84230477 -8.81008393 -8.69325577 -8.58129094
194.0 -8.88257509 -8.84446597 -8.81374622 -8.69497874 -8.58111008
195.0 -8.88495038 -8.84663428 -8.81736091 -8.69671010 -8.58086789
196.0 -8.88734531 -8.84881221 -8.82092438 -8.69844925 -8.58056519
197.0 -8.88975976 -8.85100253 -8.82443269 -8.70019553 -8.58020285
198.0 -8.89219357 -8.85320829 -8.82788154 -8.70194825 -8.57978186
199.0 -8.89464652 -8.85543278 -8.83126635 -8.70370664 -8.57930327
200.0 -8.89711834 -8.85767946 -8.83458228 -8.70546989 -8.57876821
