# Time Pop_0 Pop_1 Pop_2 Pop_3 Pop_4
0.0 0.000000 1.000000 0.000000 0.000000 0.000000
1.0 0.000000 1.000000 0.000000 0.000000 0.000000
2.0 0.000000 1.000000 0.000000 0.000000 0.000000
3.0 0.000000 0.999998 0.000000 0.000000 0.000000
4.0 0.000000 0.999995 0.000000 0.000000 0.000000
5.0 0.000000 0.999988 0.000000 0.000000 0.000000
6.0 0.000000 0.999974 0.000000 0.000001 0.000001
7.0 0.000000 0.999953 0.000000 0.000002 0.000001
8.0 0.000000 0.999920 0.000001 0.000003 0.000002
9.0 0.000000 0.999872 0.000001 0.000006 0.000004
10.0 0.000000 0.999807 0.000002 0.000009 0.000007
11.0 0.000001 0.999717 0.000002 0.000014 0.000010
12.0 0.000001 0.999599 0.000003 0.000022 0.000015
13.0 0.000002 0.999448 0.000004 0.000031 0.000020
14.0 0.000003 0.999260 0.000006 0.000044 0.000027
15.0 0.000004 0.999029 0.000008 0.000060 0.000035
16.0 0.000005 0.998751 0.000010 0.000080 0.000044
17.0 0.000007 0.998418 0.000012 0.000105 0.000055
18.0 0.000010 0.998023 0.000015 0.000135 0.000068
19.0 0.000013 0.997561 0.000018 0.000169 0.000082
20.0 0.000018 0.997023 0.000021 0.000210 0.000099
21.0 0.000023 0.996412 0.000025 0.000255 0.000118
22.0 0.000029 0.995718 0.000029 0.000306 0.000140
23.0 0.000037 0.994939 0.000034 0.000362 0.000165
24.0 0.000046 0.994055 0.000039 0.000422 0.000194
25.0 0.000057 0.993073 0.000044 0.000486 0.000225
26.0 0.000069 0.991989 0.000049 0.000552 0.000260
27.0 0.000083 0.990799 0.000054 0.000620 0.000298
28.0 0.000099 0.989504 0.000059 0.000687 0.000338
29.0 0.000117 0.988097 0.000064 0.000754 0.000380
30.0 0.000137 0.986586 0.000069 0.000817 0.000425
31.0 0.000159 0.984949 0.000074 0.000877 0.000471
32.0 0.000184 0.983193 0.000078 0.000931 0.000520
33.0 0.000210 0.981300 0.000082 0.000977 0.000570
34.0 0.000239 0.979292 0.000085 0.001016 0.000624
35.0 0.000269 0.977173 0.000087 0.001044 0.000680
36.0 0.000301 0.974936 0.000089 0.001063 0.000740
37.0 0.000335 0.972578 0.000090 0.001071 0.000804
38.0 0.000370 0.970089 0.000090 0.001068 0.000871
39.0 0.000406 0.967478 0.000089 0.001053 0.000941
40.0 0.000443 0.964727 0.000087 0.001028 0.001013
41.0 0.000480 0.961865 0.000084 0.000992 0.001086
42.0 0.000518 0.958879 0.000080 0.000947 0.001160
43.0 0.000556 0.955783 0.000075 0.000893 0.001234
44.0 0.000594 0.952578 0.000070 0.000832 0.001307
45.0 0.000632 0.949240 0.000064 0.000766 0.001379
46.0 0.000668 0.945792 0.000057 0.000694 0.001451
47.0 0.000703 0.942225 0.000050 0.000620 0.001521
48.0 0.000737 0.938565 0.000043 0.000545 0.001593
49.0 0.000769 0.934788 0.000037 0.000470 0.001665
50.0 0.000800 0.930912 0.000030 0.000397 0.001739
51.0 0.000830 0.926938 0.000025 0.000327 0.001815
52.0 0.000857 0.922847 0.000020 0.000262 0.001891
53.0 0.000884 0.918667 0.000017 0.000203 0.001967
54.0 0.000908 0.914371 0.000016 0.000150 0.002042
55.0 0.000931 0.910013 0.000016 0.000106 0.002114
56.0 0.000953 0.905581 0.000019 0.000070 0.002183
57.0 0.000973 0.901101 0.000024 0.000045 0.002248
58.0 0.000993 0.896545 0.000033 0.000032 0.002309
59.0 0.001012 0.891901 0.000045 0.000030 0.002366
60.0 0.001031 0.887219 0.000060 0.000043 0.002420
61.0 0.001049 0.882453 0.000079 0.000070 0.002471
62.0 0.001069 0.877657 0.000103 0.000113 0.002522
63.0 0.001090 0.872799 0.000131 0.000173 0.002574
64.0 0.001113 0.867901 0.000164 0.000252 0.002626
65.0 0.001139 0.862972 0.000202 0.000351 0.002679
66.0 0.001166 0.858000 0.000246 0.000472 0.002730
67.0 0.001197 0.853001 0.000294 0.000615 0.002779
68.0 0.001232 0.847937 0.000348 0.000784 0.002823
69.0 0.001271 0.842882 0.000407 0.000978 0.002863
70.0 0.001315 0.837812 0.000471 0.001198 0.002900
71.0 0.001365 0.832734 0.000542 0.001446 0.002931
72.0 0.001421 0.827663 0.000617 0.001722 0.002958
73.0 0.001483 0.822551 0.000698 0.002025 0.002982
74.0 0.001552 0.817452 0.000783 0.002357 0.003004
75.0 0.001629 0.812336 0.000873 0.002715 0.003024
76.0 0.001713 0.807225 0.000968 0.003100 0.003044
77.0 0.001804 0.802116 0.001066 0.003509 0.003064
78.0 0.001903 0.796999 0.001168 0.003941 0.003083
79.0 0.002010 0.791942 0.001274 0.004392 0.003102
80.0 0.002125 0.786890 0.001383 0.004859 0.003119
81.0 0.002247 0.781883 0.001495 0.005342 0.003132
82.0 0.002375 0.776910 0.001609 0.005837 0.003139
83.0 0.002510 0.771954 0.001724 0.006340 0.003140
84.0 0.002652 0.767072 0.001841 0.006849 0.003137
85.0 0.002801 0.762237 0.001960 0.007360 0.003129
86.0 0.002955 0.757479 0.002081 0.007868 0.003118
87.0 0.003114 0.752764 0.002202 0.008371 0.003104
88.0 0.003279 0.748114 0.002324 0.008867 0.003087
89.0 0.003449 0.743533 0.002446 0.009355 0.003070
90.0 0.003623 0.738983 0.002568 0.009833 0.003052
91.0 0.003800 0.734528 0.002690 0.010300 0.003033
92.0 0.003979 0.730116 0.002812 0.010753 0.003013
93.0 0.004161 0.725780 0.002934 0.011189 0.002993
94.0 0.004345 0.721554 0.003058 0.011613 0.002969
95.0 0.004531 0.717382 0.003181 0.012022 0.002944
96.0 0.004719 0.713301 0.003305 0.012421 0.002914
97.0 0.004909 0.709274 0.003429 0.012807 0.002878
98.0 0.005098 0.705303 0.003555 0.013181 0.002837
99.0 0.005286 0.701410 0.003682 0.013545 0.002788
100.0 0.005476 0.697558 0.003810 0.013897 0.002732
101.0 0.005668 0.693783 0.003940 0.014242 0.002663
102.0 0.005861 0.690045 0.004072 0.014578 0.002567
103.0 0.006056 0.686354 0.004204 0.014908 0.002410
104.0 0.006254 0.682747 0.004339 0.015232 0.002120
105.0 0.006456 0.679159 0.004474 0.015548 0.001624
106.0 0.006663 0.675628 0.004612 0.015856 0.001027
107.0 0.006875 0.672123 0.004752 0.016156 0.000560
108.0 0.007093 0.668626 0.004894 0.016444 0.000274
109.0 0.007318 0.665185 0.005037 0.016719 0.000113
110.0 0.007554 0.661760 0.005183 0.016977 0.000031
111.0 0.007800 0.658378 0.005331 0.017214 0.000004
112.0 0.008059 0.655023 0.005480 0.017427 0.000019
113.0 0.008332 0.651697 0.005631 0.017607 0.000074
114.0 0.008619 0.648422 0.005784 0.017749 0.000167
115.0 0.008923 0.645148 0.005939 0.017848 0.000300
116.0 0.009245 0.641911 0.006095 0.017899 0.000476
117.0 0.009587 0.638678 0.006252 0.017898 0.000697
118.0 0.009951 0.635434 0.006409 0.017836 0.000965
119.0 0.010339 0.632242 0.006567 0.017708 0.001284
120.0 0.010751 0.629050 0.006725 0.017511 0.001654
121.0 0.011190 0.625876 0.006883 0.017242 0.002076
122.0 0.011658 0.622736 0.007044 0.016908 0.002551
123.0 0.012158 0.619582 0.007204 0.016507 0.003074
124.0 0.012688 0.616443 0.007365 0.016045 0.003642
125.0 0.013251 0.613318 0.007528 0.015527 0.004250
126.0 0.013849 0.610175 0.007689 0.014960 0.004888
127.0 0.014481 0.607033 0.007852 0.014352 0.005550
128.0 0.015153 0.603876 0.008014 0.013715 0.006225
129.0 0.015861 0.600703 0.008179 0.013058 0.006908
130.0 0.016608 0.597528 0.008345 0.012392 0.007589
131.0 0.017396 0.594322 0.008513 0.011728 0.008260
132.0 0.018223 0.591097 0.008683 0.011074 0.008918
133.0 0.019094 0.587833 0.008855 0.010437 0.009553
134.0 0.020010 0.584521 0.009029 0.009822 0.010166
135.0 0.020967 0.581198 0.009207 0.009231 0.010754
136.0 0.021969 0.577818 0.009388 0.008666 0.011316
137.0 0.023013 0.574396 0.009573 0.008130 0.011852
138.0 0.024104 0.570932 0.009761 0.007627 0.012361
139.0 0.025245 0.567383 0.009953 0.007159 0.012844
140.0 0.026434 0.563801 0.010147 0.006730 0.013301
141.0 0.027677 0.560165 0.010338 0.006342 0.013732
142.0 0.028972 0.556459 0.010520 0.006001 0.014136
143.0 0.030321 0.552708 0.010685 0.005715 0.014514
144.0 0.031732 0.548886 0.010813 0.005503 0.014866
145.0 0.033201 0.545012 0.010861 0.005406 0.015189
146.0 0.034732 0.541089 0.010725 0.005527 0.015486
147.0 0.036328 0.537096 0.010061 0.006209 0.015752
148.0 0.037986 0.533030 0.007219 0.009102 0.015987
149.0 0.039715 0.528870 0.000281 0.016122 0.016191
150.0 0.041521 0.524634 0.000491 0.016029 0.016363
151.0 0.043405 0.520331 0.000953 0.015714 0.016503
152.0 0.045373 0.515941 0.001097 0.015747 0.016606
153.0 0.047429 0.511491 0.001098 0.015951 0.016674
154.0 0.049575 0.506961 0.001033 0.016249 0.016706
155.0 0.051816 0.502343 0.000936 0.016605 0.016699
156.0 0.054164 0.497679 0.000823 0.017004 0.016661
157.0 0.056615 0.492921 0.000705 0.017435 0.016588
158.0 0.059176 0.488064 0.000586 0.017891 0.016483
159.0 0.061851 0.483118 0.000473 0.018372 0.016350
160.0 0.064638 0.478030 0.000367 0.018865 0.016186
161.0 0.067547 0.472827 0.000270 0.019374 0.015994
162.0 0.070584 0.467508 0.000185 0.019898 0.015778
163.0 0.073745 0.462039 0.000114 0.020430 0.015536
164.0 0.077034 0.456443 0.000058 0.020976 0.015278
165.0 0.080454 0.450705 0.000020 0.021533 0.015004
166.0 0.084002 0.444813 0.000002 0.022097 0.014718
167.0 0.087689 0.438788 0.000007 0.022675 0.014424
168.0 0.091522 0.432611 0.000036 0.023259 0.014123
169.0 0.095493 0.426275 0.000094 0.023852 0.013815
170.0 0.099607 0.419776 0.000182 0.024450 0.013502
171.0 0.103857 0.413094 0.000303 0.025055 0.013184
172.0 0.108238 0.406244 0.000463 0.025671 0.012863
173.0 0.112749 0.399213 0.000665 0.026294 0.012540
174.0 0.117384 0.392010 0.000914 0.026931 0.012217
175.0 0.122130 0.384644 0.001214 0.027577 0.011896
176.0 0.126974 0.377093 0.001573 0.028230 0.011574
177.0 0.131916 0.369390 0.001998 0.028892 0.011252
178.0 0.136943 0.361532 0.002495 0.029558 0.010929
179.0 0.142051 0.353513 0.003073 0.030227 0.010602
180.0 0.147244 0.345364 0.003741 0.030900 0.010273
181.0 0.152490 0.337049 0.004508 0.031575 0.009939
182.0 0.157781 0.328582 0.005389 0.032252 0.009600
183.0 0.163103 0.319983 0.006398 0.032935 0.009259
184.0 0.168427 0.311235 0.007549 0.033617 0.008915
185.0 0.173754 0.302362 0.008862 0.034299 0.008570
186.0 0.179060 0.293357 0.010356 0.034977 0.008224
187.0 0.184320 0.284202 0.012055 0.035643 0.007877
188.0 0.189526 0.274914 0.013986 0.036297 0.007532
189.0 0.194656 0.265475 0.016178 0.036935 0.007187
190.0 0.199702 0.255872 0.018662 0.037554 0.006846
191.0 0.204647 0.246087 0.021473 0.038160 0.006512
192.0 0.209472 0.236081 0.024646 0.038752 0.006185
193.0 0.214156 0.225839 0.028226 0.039328 0.005869
194.0 0.218667 0.215339 0.032257 0.039887 0.005564
195.0 0.222994 0.204552 0.036787 0.040424 0.005274
196.0 0.227113 0.193458 0.041867 0.040938 0.005000
197.0 0.231000 0.182021 0.047538 0.041424 0.004744
198.0 0.234651 0.170220 0.053837 0.041885 0.004507
199.0 0.238035 0.158057 0.060792 0.042323 0.004291
200.0 0.241134 0.145531 0.068400 0.042740 0.004096
