#Time E_0 E_1 E_2 E_3 E_4
0.0 -7.72879583 -7.61555314 -7.48803884 -7.43936432 -7.18877372
1.0 -7.72879945 -7.61555375 -7.48803920 -7.43936410 -7.18879607
2.0 -7.72881192 -7.61555537 -7.48804085 -7.43936367 -7.18887414
3.0 -7.72883345 -7.61555824 -7.48804411 -7.43936333 -7.18900818
4.0 -7.72886438 -7.61556284 -7.48804946 -7.43936357 -7.18919804
5.0 -7.72890515 -7.61556983 -7.48805760 -7.43936509 -7.18944357
6.0 -7.72895638 -7.61558009 -7.48806944 -7.43936878 -7.18974456
7.0 -7.72901880 -7.61559466 -7.48808606 -7.43937573 -7.19010076
8.0 -7.72909324 -7.61561478 -7.48810873 -7.43938723 -7.19051189
9.0 -7.72918068 -7.61564182 -7.48813890 -7.43940469 -7.19097760
10.0 -7.72928217 -7.61567731 -7.48817815 -7.43942972 -7.19149751
11.0 -7.72939888 -7.61572293 -7.48822821 -7.43946405 -7.19207120
12.0 -7.72953202 -7.61578045 -7.48829095 -7.43950954 -7.19269821
13.0 -7.72968291 -7.61585176 -7.48836831 -7.43956814 -7.19337804
14.0 -7.72985291 -7.61593881 -7.48846235 -7.43964191 -7.19411014
15.0 -7.73004343 -7.61604364 -7.48857519 -7.43973297 -7.19489392
16.0 -7.73025588 -7.61616832 -7.48870899 -7.43984350 -7.19572875
17.0 -7.73049174 -7.61631496 -7.48886597 -7.43997572 -7.19661396
18.0 -7.73075245 -7.61648567 -7.48904835 -7.44013186 -7.19754882
19.0 -7.73103947 -7.61668257 -7.48925836 -7.44031416 -7.19853257
20.0 -7.73135424 -7.61690775 -7.48949821 -7.44052484 -7.19956443
21.0 -7.73169817 -7.61716327 -7.48977009 -7.44076611 -7.20064356
22.0 -7.73207262 -7.61745114 -7.49007614 -7.44104013 -7.20176909
23.0 -7.73247893 -7.61777332 -7.49041844 -7.44134899 -7.20294009
24.0 -7.73291837 -7.61813167 -7.49079902 -7.44169475 -7.20415562
25.0 -7.73339213 -7.61852799 -7.49121982 -7.44207936 -7.20541471
26.0 -7.73390137 -7.61896398 -7.49168271 -7.44250471 -7.20671633
27.0 -7.73444715 -7.61944124 -7.49218945 -7.44297259 -7.20805945
28.0 -7.73503047 -7.61996128 -7.49274173 -7.44348470 -7.20944299
29.0 -7.73565222 -7.62052548 -7.49334111 -7.44404264 -7.21086586
30.0 -7.73631323 -7.62113510 -7.49398906 -7.44464789 -7.21232694
31.0 -7.73701424 -7.62179132 -7.49468694 -7.44530185 -7.21382507
32.0 -7.73775591 -7.62249516 -7.49543603 -7.44600578 -7.21535911
33.0 -7.73853880 -7.62324755 -7.49623747 -7.44676088 -7.21692787
34.0 -7.73936341 -7.62404931 -7.49709233 -7.44756822 -7.21853018
35.0 -7.74023015 -7.62490114 -7.49800158 -7.44842877 -7.22016483
36.0 -7.74113934 -7.62580362 -7.49896608 -7.44934341 -7.22183063
37.0 -7.74209124 -7.62675724 -7.49998661 -7.45031292 -7.22352636
38.0 -7.74308603 -7.62776237 -7.50106387 -7.45133799 -7.22525081
39.0 -7.74412384 -7.62881931 -7.50219849 -7.45241925 -7.22700278
40.0 -7.74520471 -7.62992826 -7.50339104 -7.45355724 -7.22878107
41.0 -7.74632866 -7.63108932 -7.50464201 -7.45475242 -7.23058449
42.0 -7.74749564 -7.63230254 -7.50595186 -7.45600522 -7.23241186
43.0 -7.74870555 -7.63356788 -7.50732100 -7.45731598 -7.23426201
44.0 -7.74995826 -7.63488523 -7.50874980 -7.45868501 -7.23613379
45.0 -7.75125362 -7.63625443 -7.51023861 -7.46011257 -7.23802605
46.0 -7.75259141 -7.63767526 -7.51178775 -7.46159888 -7.23993767
47.0 -7.75397145 -7.63914746 -7.51339754 -7.46314415 -7.24186757
48.0 -7.75539349 -7.64067072 -7.51506833 -7.46474854 -7.24381467
49.0 -7.75685729 -7.64224469 -7.51680042 -7.46641220 -7.24577792
50.0 -7.75836262 -7.64386900 -7.51859417 -7.46813529 -7.24775629
51.0 -7.75990922 -7.64554325 -7.52044996 -7.46991791 -7.24974880
52.0 -7.76149686 -7.64726698 -7.52236817 -7.47176020 -7.25175446
53.0 -7.76312530 -7.64903977 -7.52434927 -7.47366228 -7.25377234
54.0 -7.76479432 -7.65086112 -7.52639375 -7.47562426 -7.25580154
55.0 -7.76650373 -7.65273056 -7.52850215 -7.47764626 -7.25784118
56.0 -7.76825332 -7.65464757 -7.53067509 -7.47972840 -7.25989043
57.0 -7.77004295 -7.65661164 -7.53291326 -7.48187080 -7.26194850
58.0 -7.77187248 -7.65862224 -7.53521743 -7.48407358 -7.26401464
59.0 -7.77374179 -7.66067880 -7.53758845 -7.48633686 -7.26608816
60.0 -7.77565080 -7.66278078 -7.54002727 -7.48866075 -7.26816844
61.0 -7.77759947 -7.66492760 -7.54253496 -7.49104536 -7.27025493
62.0 -7.77958779 -7.66711867 -7.54511269 -7.49349079 -7.27234721
63.0 -7.78161575 -7.66935337 -7.54776176 -7.49599711 -7.27444499
64.0 -7.78368341 -7.67163108 -7.55048362 -7.49856436 -7.27654816
65.0 -7.78579084 -7.67395113 -7.55327984 -7.50119257 -7.27865688
66.0 -7.78793816 -7.67631285 -7.55615217 -7.50388171 -7.28077168
67.0 -7.79012551 -7.67871554 -7.55910253 -7.50663169 -7.28289364
68.0 -7.79235306 -7.68115844 -7.56213305 -7.50944237 -7.28502463
69.0 -7.79462103 -7.68364081 -7.56524603 -7.51231355 -7.28716780
70.0 -7.79692964 -7.68616182 -7.56844403 -7.51524491 -7.28932826
71.0 -7.79927918 -7.68872064 -7.57172981 -7.51823605 -7.29151446
72.0 -7.80166993 -7.69131639 -7.57510641 -7.52128641 -7.29374068
73.0 -7.80410223 -7.69394815 -7.57857714 -7.52439534 -7.29603208
74.0 -7.80657642 -7.69661494 -7.58214559 -7.52756201 -7.29843570
75.0 -7.80909290 -7.69931577 -7.58581563 -7.53078541 -7.30104627
76.0 -7.81165210 -7.70204959 -7.58959147 -7.53406435 -7.30407032
77.0 -7.81425445 -7.70481531 -7.59347758 -7.53739742 -7.30796966
78.0 -7.81690045 -7.70761180 -7.59747875 -7.54078297 -7.31355649
79.0 -7.81959061 -7.71043791 -7.60160000 -7.54421911 -7.32129802
80.0 -7.82232550 -7.71329242 -7.60584659 -7.54770367 -7.33056911
81.0 -7.82510573 -7.71617413 -7.61022397 -7.55123422 -7.34056922
82.0 -7.82793195 -7.71908177 -7.61473762 -7.55480803 -7.35086363
83.0 -7.83080489 -7.72201408 -7.61939303 -7.55842209 -7.36124760
84.0 -7.83372532 -7.72496979 -7.62419550 -7.56207311 -7.37161543
85.0 -7.83669409 -7.72794762 -7.62914997 -7.56575754 -7.38190424
86.0 -7.83971215 -7.73094631 -7.63426086 -7.56947157 -7.39207145
87.0 -7.84278052 -7.73396462 -7.63953180 -7.57321120 -7.40208525
88.0 -7.84590034 -7.73700135 -7.64496537 -7.57697225 -7.41192026
89.0 -7.84907287 -7.74005535 -7.65056286 -7.58075043 -7.42155552
90.0 -7.85229949 -7.74312555 -7.65632397 -7.58454138 -7.43097353
91.0 -7.85558175 -7.74621096 -7.66224660 -7.58834072 -7.44015976
92.0 -7.85892132 -7.74931072 -7.66832653 -7.59214415 -7.44910249
93.0 -7.86232008 -7.75242413 -7.67455731 -7.59594746 -7.45779268
94.0 -7.86578006 -7.75555067 -7.68093008 -7.59974662 -7.46622396
95.0 -7.86930349 -7.75869005 -7.68743352 -7.60353780 -7.47439248
96.0 -7.87289279 -7.76184227 -7.69405381 -7.60731743 -7.48229689
97.0 -7.87655058 -7.76500773 -7.70077473 -7.61108219 -7.48993816
98.0 -7.88027967 -7.76818727 -7.70757773 -7.61482910 -7.49731936
99.0 -7.88408302 -7.77138229 -7.71444209 -7.61855546 -7.50444546
100.0 -7.88796376 -7.77459497 -7.72134505 -7.62225886 -7.51132301
101.0 -7.89192513 -7.77782841 -7.72826198 -7.62593721 -7.51795990
102.0 -7.89597041 -7.78108693 -7.73516645 -7.62958869 -7.52436506
103.0 -7.90010291 -7.78437640 -7.74203028 -7.63321175 -7.53054818
104.0 -7.90432585 -7.78770470 -7.74882343 -7.63680509 -7.53651942
105.0 -7.90864227 -7.79108226 -7.75551383 -7.64036764 -7.54228924
106.0 -7.91305494 -7.79452261 -7.76206712 -7.64389854 -7.54786814
107.0 -7.91756623 -7.79804288 -7.76844648 -7.64739711 -7.55326655
108.0 -7.92217798 -7.80166388 -7.77461280 -7.65086284 -7.55849464
109.0 -7.92689139 -7.80540918 -7.78052582 -7.65429539 -7.56356228
110.0 -7.93170687 -7.80930236 -7.78614713 -7.65769452 -7.56847890
111.0 -7.93662394 -7.81336192 -7.79144536 -7.66106015 -7.57325353
112.0 -7.94164116 -7.81759454 -7.79640303 -7.66439228 -7.57789468
113.0 -7.94675603 -7.82198964 -7.80102207 -7.66769103 -7.58241038
114.0 -7.95196500 -7.82651875 -7.80532450 -7.67095659 -7.58680820
115.0 -7.95726347 -7.83114068 -7.80934710 -7.67418925 -7.59109521
116.0 -7.96264583 -7.83580980 -7.81313317 -7.67738934 -7.59527803
117.0 -7.96810559 -7.84048328 -7.81672504 -7.68055729 -7.59936283
118.0 -7.97363543 -7.84512527 -7.82015980 -7.68369357 -7.60335540
119.0 -7.97922742 -7.84970815 -7.82346784 -7.68679869 -7.60726112
120.0 -7.98487314 -7.85421198 -7.82667309 -7.68987323 -7.61108503
121.0 -7.99056386 -7.85862337 -7.82979409 -7.69291779 -7.61483182
122.0 -7.99629070 -7.86293402 -7.83284509 -7.69593304 -7.61850590
123.0 -8.00204479 -7.86713958 -7.83583706 -7.69891964 -7.62211141
124.0 -8.00781740 -7.87123861 -7.83877852 -7.70187833 -7.62565220
125.0 -8.01360008 -7.87523180 -7.84167616 -7.70480983 -7.62913191
126.0 -8.01938471 -7.87912136 -7.84453527 -7.70771490 -7.63255397
127.0 -8.02516365 -7.88291055 -7.84736014 -7.71059435 -7.63592161
128.0 -8.03092972 -7.88660338 -7.85015427 -7.71344895 -7.63923787
129.0 -8.03667627 -7.89020426 -7.85292054 -7.71627952 -7.64250563
130.0 -8.04239720 -7.89371789 -7.85566143 -7.71908689 -7.64572764
131.0 -8.04808699 -7.89714907 -7.85837901 -7.72187189 -7.64890648
132.0 -8.05374061 -7.90050261 -7.86107512 -7.72463534 -7.65204461
133.0 -8.05935362 -7.90378325 -7.86375135 -7.72737808 -7.65514439
134.0 -8.06492205 -7.90699561 -7.86640914 -7.73010096 -7.65820804
135.0 -8.07044244 -7.91014418 -7.86904979 -7.73280480 -7.66123770
136.0 -8.07591177 -7.91323324 -7.87167448 -7.73549043 -7.66423540
137.0 -8.08132746 -7.91626693 -7.87428429 -7.73815868 -7.66720310
138.0 -8.08668731 -7.91924915 -7.87688025 -7.74081035 -7.67014264
139.0 -8.09198949 -7.92218364 -7.87946329 -7.74344625 -7.67305581
140.0 -8.09723251 -7.92507395 -7.88203431 -7.74606716 -7.67594431
141.0 -8.10241516 -7.92792344 -7.88459416 -7.74867387 -7.67880977
142.0 -8.10753655 -7.93073528 -7.88714365 -7.75126714 -7.68165377
143.0 -8.11259598 -7.93351250 -7.88968354 -7.75384770 -7.68447780
144.0 -8.11759302 -7.93625796 -7.89221457 -7.75641629 -7.68728328
145.0 -8.12252741 -7.93897435 -7.89473745 -7.75897361 -7.69007161
146.0 -8.12739908 -7.94166424 -7.89725284 -7.76152035 -7.69284409
147.0 -8.13220813 -7.94433005 -7.89976142 -7.76405717 -7.69560198
148.0 -8.13695477 -7.94697408 -7.90226379 -7.76658471 -7.69834650
149.0 -8.14163936 -7.94959851 -7.90476056 -7.76910360 -7.70107878
150.0 -8.14626237 -7.95220540 -7.90725233 -7.77161442 -7.70379995
151.0 -8.15082435 -7.95479671 -7.90973965 -7.77411777 -7.70651104
152.0 -8.15532594 -7.95737429 -7.91222306 -7.77661417 -7.70921307
153.0 -8.15976785 -7.95993991 -7.91470308 -7.77910417 -7.71190699
154.0 -8.16415086 -7.96249523 -7.91718022 -7.78158825 -7.71459372
155.0 -8.16847579 -7.96504183 -7.91965496 -7.78406689 -7.71727412
156.0 -8.17274350 -7.96758122 -7.92212777 -7.78654055 -7.71994902
157.0 -8.17695490 -7.97011481 -7.92459910 -7.78900963 -7.72261919
158.0 -8.18111093 -7.97264395 -7.92706937 -7.79147454 -7.72528539
159.0 -8.18521253 -7.97516992 -7.92953900 -7.79393565 -7.72794830
160.0 -8.18926068 -7.97769392 -7.93200838 -7.79639331 -7.73060859
161.0 -8.19325638 -7.98021709 -7.93447790 -7.79884783 -7.73326687
162.0 -8.19720060 -7.98274051 -7.93694792 -7.80129951 -7.73592373
163.0 -8.20109437 -7.98526518 -7.93941880 -7.80374861 -7.73857970
164.0 -8.20493867 -7.98779208 -7.94189085 -7.80619539 -7.74123530
165.0 -8.20873452 -7.99032209 -7.94436441 -7.80864006 -7.74389099
166.0 -8.21248291 -7.99285607 -7.94683977 -7.81108282 -7.74654722
167.0 -8.21618483 -7.99539480 -7.94931723 -7.81352385 -7.74920437
168.0 -8.21984127 -7.99793902 -7.95179707 -7.81596328 -7.75186281
169.0 -8.22345321 -8.00048943 -7.95427953 -7.81840124 -7.75452288
170.0 -8.22702160 -8.00304666 -7.95676488 -7.82083785 -7.75718487
171.0 -8.23054741 -8.00561131 -7.95925335 -7.82327317 -7.75984904
172.0 -8.23403156 -8.00818392 -7.96174515 -7.82570727 -7.76251564
173.0 -8.23747499 -8.01076500 -7.96424049 -7.82814018 -7.76518485
174.0 -8.24087859 -8.01335501 -7.96673958 -7.83057192 -7.76785684
175.0 -8.24424327 -8.01595436 -7.96924259 -7.83300249 -7.77053176
176.0 -8.24756989 -8.01856342 -7.97174969 -7.83543187 -7.77320970
177.0 -8.25085932 -8.02118255 -7.97426103 -7.83786001 -7.77589075
178.0 -8.25411240 -8.02381202 -7.97677677 -7.84028685 -7.77857495
179.0 -8.25732996 -8.02645211 -7.97929704 -7.84271233 -7.78126231
180.0 -8.26051281 -8.02910304 -7.98182196 -7.84513635 -7.78395282
181.0 -8.26366174 -8.03176499 -7.98435163 -7.84755881 -7.78664644
182.0 -8.26677753 -8.03443812 -7.98688616 -7.84997958 -7.78934310
183.0 -8.26986095 -8.03712256 -7.98942563 -7.85239854 -7.79204270
184.0 -8.27291272 -8.03981838 -7.99197011 -7.85481554 -7.79474511
185.0 -8.27593360 -8.04252565 -7.99451968 -7.85723042 -7.79745018
186.0 -8.27892427 -8.04524440 -7.99707437 -7.85964301 -7.80015772
187.0 -8.28188545 -8.04797462 -7.99963424 -7.86205315 -7.80286752
188.0 -8.28481782 -8.05071629 -8.00219930 -7.86446064 -7.80557933
189.0 -8.28772203 -8.05346936 -8.00476957 -7.86686530 -7.80829289
190.0 -8.29059875 -8.05623372 -8.00734507 -7.86926694 -7.81100791
191.0 -8.29344861 -8.05900930 -8.00992578 -7.87166535 -7.81372405
192.0 -8.29627224 -8.06179594 -8.01251169 -7.87406034 -7.81644097
193.0 -8.29907024 -8.06459350 -8.01510277 -7.87645170 -7.81915829
194.0 -8.30184322 -8.06740181 -8.01769898 -7.87883923 -7.82187560
195.0 -8.30459175 -8.07022067 -8.02030027 -7.88122273 -7.82459246
196.0 -8.30731642 -8.07304986 -8.02290659 -7.88360202 -7.82730841
197.0 -8.31001778 -8.07588915 -8.02551785 -7.88597689 -7.83002295
198.0 -8.31269638 -8.07873828 -8.02813398 -7.88834716 -7.83273556
199.0 -8.31535275 -8.08159698 -8.03075489 -7.89071266 -7.83544568
200.0 -8.31798742 -8.08446497 -8.03338046 -7.89307323 -7.83815274
