#Time Kinetic_e Potential_e Total_e Norm
0.0 0.00000000 -7.61555314 -7.61555314 1.0000000000000002
1.0 0.00008212 -7.61563542 -7.61555330 0.9999999999999998
2.0 0.00032825 -7.61588173 -7.61555348 1.0000000000000004
3.0 0.00073768 -7.61629136 -7.61555368 1.0000000000000002
4.0 0.00130936 -7.61686323 -7.61555387 1.0000000000000004
5.0 0.00204184 -7.61759590 -7.61555406 1.0000000000000002
6.0 0.00293331 -7.61848757 -7.61555426 0.9999999999999999
7.0 0.00398149 -7.61953597 -7.61555447 0.9999999999999993
8.0 0.00518366 -7.62073835 -7.61555469 0.9999999999999984
9.0 0.00653666 -7.62209159 -7.61555492 0.999999999999999
10.0 0.00803706 -7.62359222 -7.61555516 0.9999999999999997
11.0 0.00968118 -7.62523658 -7.61555540 1.0000000000000009
12.0 0.01146509 -7.62702074 -7.61555565 1.0000000000000002
13.0 0.01338452 -7.62894043 -7.61555591 1.0000000000000007
14.0 0.01543482 -7.63099100 -7.61555618 1.0
15.0 0.01761098 -7.63316745 -7.61555648 0.9999999999999994
16.0 0.01990778 -7.63546457 -7.61555678 0.999999999999999
17.0 0.02231995 -7.63787705 -7.61555710 0.9999999999999996
18.0 0.02484214 -7.64039955 -7.61555742 0.9999999999999986
19.0 0.02746885 -7.64302660 -7.61555775 0.9999999999999976
20.0 0.03019435 -7.64575245 -7.61555810 0.9999999999999979
21.0 0.03301265 -7.64857113 -7.61555847 0.9999999999999981
22.0 0.03591766 -7.65147653 -7.61555887 0.9999999999999983
23.0 0.03890333 -7.65446261 -7.61555928 0.9999999999999984
24.0 0.04196377 -7.65752347 -7.61555969 0.9999999999999988
25.0 0.04509319 -7.66065330 -7.61556012 0.9999999999999987
26.0 0.04828570 -7.66384625 -7.61556056 0.999999999999999
27.0 0.05153526 -7.66709628 -7.61556102 0.9999999999999992
28.0 0.05483570 -7.67039722 -7.61556152 0.9999999999999986
29.0 0.05818097 -7.67374301 -7.61556204 0.9999999999999977
30.0 0.06156529 -7.67712787 -7.61556258 0.9999999999999974
31.0 0.06498322 -7.68054633 -7.61556311 0.9999999999999983
32.0 0.06842953 -7.68399318 -7.61556366 0.9999999999999992
33.0 0.07189896 -7.68746318 -7.61556422 0.9999999999999996
34.0 0.07538616 -7.69095097 -7.61556481 0.9999999999999988
35.0 0.07888576 -7.69445120 -7.61556544 0.9999999999999986
36.0 0.08239264 -7.69795872 -7.61556608 0.9999999999999994
37.0 0.08590206 -7.70146880 -7.61556674 0.9999999999999979
38.0 0.08940974 -7.70497714 -7.61556740 0.999999999999999
39.0 0.09291162 -7.70847968 -7.61556806 0.9999999999999984
40.0 0.09640368 -7.71197241 -7.61556874 0.9999999999999982
41.0 0.09988186 -7.71545130 -7.61556944 0.9999999999999986
42.0 0.10334217 -7.71891234 -7.61557017 0.9999999999999991
43.0 0.10678090 -7.72235181 -7.61557091 0.9999999999999994
44.0 0.11019474 -7.72576639 -7.61557166 0.999999999999999
45.0 0.11358077 -7.72915317 -7.61557240 0.9999999999999989
46.0 0.11693628 -7.73250943 -7.61557315 0.9999999999999991
47.0 0.12025863 -7.73583254 -7.61557391 0.9999999999999993
48.0 0.12354520 -7.73911988 -7.61557468 0.9999999999999982
49.0 0.12679349 -7.74236895 -7.61557547 0.9999999999999988
50.0 0.13000130 -7.74557755 -7.61557626 0.9999999999999989
51.0 0.13316676 -7.74874380 -7.61557704 0.9999999999999997
52.0 0.13628829 -7.75186610 -7.61557782 0.9999999999999989
53.0 0.13936439 -7.75494299 -7.61557859 0.9999999999999997
54.0 0.14239362 -7.75797299 -7.61557938 1.0
55.0 0.14537454 -7.76095470 -7.61558016 0.9999999999999998
56.0 0.14830591 -7.76388686 -7.61558095 1.0
57.0 0.15118676 -7.76676849 -7.61558173 1.0000000000000004
58.0 0.15401645 -7.76959894 -7.61558249 1.000000000000002
59.0 0.15679450 -7.77237774 -7.61558324 1.0000000000000024
60.0 0.15952049 -7.77510446 -7.61558397 1.000000000000002
61.0 0.16219391 -7.77777861 -7.61558470 1.0000000000000013
62.0 0.16481425 -7.78039969 -7.61558543 1.0000000000000029
63.0 0.16738110 -7.78296726 -7.61558616 1.0000000000000033
64.0 0.16989428 -7.78548114 -7.61558686 1.0000000000000036
65.0 0.17235385 -7.78794140 -7.61558755 1.000000000000002
66.0 0.17476009 -7.79034830 -7.61558821 1.0000000000000022
67.0 0.17711328 -7.79270212 -7.61558884 1.0000000000000024
68.0 0.17941365 -7.79500311 -7.61558946 1.0000000000000018
69.0 0.18166136 -7.79725143 -7.61559007 1.000000000000002
70.0 0.18385662 -7.79944728 -7.61559067 1.0000000000000018
71.0 0.18599974 -7.80159098 -7.61559124 1.0000000000000004
72.0 0.18809124 -7.80368303 -7.61559178 0.9999999999999993
73.0 0.19013176 -7.80572406 -7.61559230 0.9999999999999999
74.0 0.19212197 -7.80771475 -7.61559278 0.9999999999999999
75.0 0.19406250 -7.80965574 -7.61559324 1.0000000000000004
76.0 0.19595391 -7.81154758 -7.61559367 1.0
77.0 0.19779677 -7.81339086 -7.61559409 0.9999999999999993
78.0 0.19959172 -7.81518619 -7.61559447 0.9999999999999996
79.0 0.20133946 -7.81693429 -7.61559482 1.0000000000000002
80.0 0.20304081 -7.81863596 -7.61559514 1.0000000000000002
81.0 0.20469658 -7.82029201 -7.61559543 0.9999999999999994
82.0 0.20630755 -7.82190323 -7.61559569 1.0000000000000004
83.0 0.20787442 -7.82347034 -7.61559592 1.0000000000000002
84.0 0.20939793 -7.82499405 -7.61559612 0.9999999999999992
85.0 0.21087883 -7.82647512 -7.61559629 0.9999999999999999
86.0 0.21231794 -7.82791437 -7.61559642 0.9999999999999991
87.0 0.21371617 -7.82931269 -7.61559652 0.9999999999999986
88.0 0.21507443 -7.83067101 -7.61559658 0.9999999999999993
89.0 0.21639356 -7.83199016 -7.61559660 1.0000000000000002
90.0 0.21767433 -7.83327093 -7.61559660 1.0000000000000004
91.0 0.21891746 -7.83451402 -7.61559657 1.0000000000000004
92.0 0.22012359 -7.83572010 -7.61559651 1.0000000000000016
93.0 0.22129343 -7.83688984 -7.61559642 1.0000000000000013
94.0 0.22242773 -7.83802402 -7.61559629 1.0000000000000022
95.0 0.22352729 -7.83912342 -7.61559613 1.0000000000000029
96.0 0.22459299 -7.84018892 -7.61559593 1.000000000000003
97.0 0.22562563 -7.84122133 -7.61559570 1.0000000000000033
98.0 0.22662600 -7.84222143 -7.61559543 1.0000000000000024
99.0 0.22759478 -7.84318992 -7.61559513 1.0000000000000024
100.0 0.22853262 -7.84412743 -7.61559481 1.0000000000000027
101.0 0.22944013 -7.84503459 -7.61559446 1.000000000000003
102.0 0.23031797 -7.84591204 -7.61559408 1.0000000000000029
103.0 0.23116683 -7.84676049 -7.61559366 1.0000000000000013
104.0 0.23198745 -7.84758066 -7.61559321 1.0000000000000022
105.0 0.23278054 -7.84837326 -7.61559273 1.0000000000000024
106.0 0.23354676 -7.84913898 -7.61559222 1.0000000000000018
107.0 0.23428670 -7.84987838 -7.61559168 1.0000000000000013
108.0 0.23500091 -7.85059203 -7.61559112 1.0000000000000022
109.0 0.23568992 -7.85128045 -7.61559053 1.0000000000000029
110.0 0.23635431 -7.85194423 -7.61558992 1.0000000000000029
111.0 0.23699473 -7.85258400 -7.61558927 1.0000000000000033
112.0 0.23761186 -7.85320045 -7.61558859 1.000000000000002
113.0 0.23820638 -7.85379426 -7.61558788 1.0000000000000029
114.0 0.23877894 -7.85436608 -7.61558714 1.000000000000002
115.0 0.23933010 -7.85491648 -7.61558637 1.0000000000000013
116.0 0.23986039 -7.85544598 -7.61558558 1.0000000000000018
117.0 0.24037030 -7.85595507 -7.61558477 1.0000000000000009
118.0 0.24086033 -7.85644426 -7.61558394 1.0000000000000004
119.0 0.24133099 -7.85691407 -7.61558308 1.0000000000000009
120.0 0.24178284 -7.85736504 -7.61558219 1.0000000000000002
121.0 0.24221643 -7.85779771 -7.61558129 0.9999999999999997
122.0 0.24263229 -7.85821264 -7.61558035 0.9999999999999989
123.0 0.24303096 -7.85861036 -7.61557940 0.9999999999999992
124.0 0.24341298 -7.85899140 -7.61557842 0.9999999999999989
125.0 0.24377886 -7.85935627 -7.61557741 0.9999999999999978
126.0 0.24412908 -7.85970548 -7.61557639 0.9999999999999971
127.0 0.24446412 -7.86003947 -7.61557535 0.9999999999999961
128.0 0.24478441 -7.86035870 -7.61557429 0.9999999999999946
129.0 0.24509036 -7.86066358 -7.61557322 0.9999999999999952
130.0 0.24538240 -7.86095453 -7.61557213 0.9999999999999953
131.0 0.24566095 -7.86123197 -7.61557102 0.9999999999999948
132.0 0.24592642 -7.86149631 -7.61556990 0.9999999999999947
133.0 0.24617921 -7.86174797 -7.61556876 0.9999999999999958
134.0 0.24641968 -7.86198729 -7.61556761 0.9999999999999956
135.0 0.24664817 -7.86221462 -7.61556645 0.9999999999999957
136.0 0.24686497 -7.86243025 -7.61556528 0.9999999999999949
137.0 0.24707041 -7.86263451 -7.61556410 0.9999999999999944
138.0 0.24726483 -7.86282773 -7.61556291 0.9999999999999931
139.0 0.24744860 -7.86301030 -7.61556170 0.9999999999999932
140.0 0.24762209 -7.86318258 -7.61556049 0.9999999999999933
141.0 0.24778562 -7.86334488 -7.61555926 0.9999999999999919
142.0 0.24793944 -7.86349748 -7.61555803 0.9999999999999917
143.0 0.24808376 -7.86364057 -7.61555680 0.9999999999999917
144.0 0.24821876 -7.86377433 -7.61555557 0.9999999999999921
145.0 0.24834462 -7.86389896 -7.61555434 0.9999999999999938
146.0 0.24846160 -7.86401470 -7.61555310 0.9999999999999951
147.0 0.24856999 -7.86412184 -7.61555185 0.9999999999999951
148.0 0.24867010 -7.86422070 -7.61555059 0.9999999999999953
149.0 0.24876222 -7.86431156 -7.61554933 0.9999999999999959
150.0 0.24884660 -7.86439467 -7.61554807 0.9999999999999959
151.0 0.24892345 -7.86447025 -7.61554680 0.9999999999999957
152.0 0.24899297 -7.86453850 -7.61554554 0.9999999999999954
153.0 0.24905536 -7.86459963 -7.61554427 0.9999999999999953
154.0 0.24911087 -7.86465386 -7.61554300 0.9999999999999961
155.0 0.24915972 -7.86470145 -7.61554172 0.9999999999999971
156.0 0.24920216 -7.86474261 -7.61554045 0.999999999999997
157.0 0.24923839 -7.86477756 -7.61553917 0.9999999999999979
158.0 0.24926860 -7.86480649 -7.61553789 0.9999999999999986
159.0 0.24929296 -7.86482958 -7.61553662 0.9999999999999973
160.0 0.24931167 -7.86484701 -7.61553534 0.9999999999999968
161.0 0.24932494 -7.86485901 -7.61553407 0.9999999999999967
162.0 0.24933302 -7.86486581 -7.61553279 0.9999999999999968
163.0 0.24933614 -7.86486765 -7.61553151 0.9999999999999966
164.0 0.24933452 -7.86486474 -7.61553023 0.9999999999999978
165.0 0.24932834 -7.86485729 -7.61552895 0.9999999999999973
166.0 0.24931776 -7.86484544 -7.61552767 0.9999999999999977
167.0 0.24930295 -7.86482935 -7.61552640 0.9999999999999977
168.0 0.24928405 -7.86480918 -7.61552513 0.999999999999997
169.0 0.24926121 -7.86478507 -7.61552386 0.9999999999999984
170.0 0.24923455 -7.86475715 -7.61552260 0.9999999999999984
171.0 0.24920418 -7.86472553 -7.61552135 0.999999999999998
172.0 0.24917019 -7.86469029 -7.61552010 0.9999999999999983
173.0 0.24913264 -7.86465150 -7.61551886 0.9999999999999984
174.0 0.24909158 -7.86460921 -7.61551763 0.9999999999999984
175.0 0.24904707 -7.86456348 -7.61551641 0.9999999999999988
176.0 0.24899921 -7.86451440 -7.61551519 0.9999999999999989
177.0 0.24894809 -7.86446206 -7.61551398 0.9999999999999987
178.0 0.24889380 -7.86440657 -7.61551277 0.999999999999999
179.0 0.24883644 -7.86434802 -7.61551157 1.0000000000000002
180.0 0.24877610 -7.86428649 -7.61551038 1.0000000000000007
181.0 0.24871284 -7.86422204 -7.61550920 1.0000000000000013
182.0 0.24864673 -7.86415475 -7.61550803 1.000000000000001
183.0 0.24857780 -7.86408466 -7.61550686 1.000000000000002
184.0 0.24850611 -7.86401182 -7.61550570 1.000000000000001
185.0 0.24843170 -7.86393625 -7.61550456 1.0000000000000013
186.0 0.24835459 -7.86385801 -7.61550342 1.0000000000000018
187.0 0.24827485 -7.86377714 -7.61550229 1.000000000000001
188.0 0.24819254 -7.86369371 -7.61550117 1.0000000000000013
189.0 0.24810773 -7.86360779 -7.61550006 1.000000000000001
190.0 0.24802052 -7.86351947 -7.61549895 1.0000000000000002
191.0 0.24793100 -7.86342885 -7.61549785 1.0000000000000007
192.0 0.24783928 -7.86333603 -7.61549676 1.0000000000000016
193.0 0.24774544 -7.86324111 -7.61549567 1.0000000000000016
194.0 0.24764960 -7.86314419 -7.61549459 1.000000000000001
195.0 0.24755185 -7.86304536 -7.61549351 1.0000000000000016
196.0 0.24745228 -7.86294472 -7.61549244 1.0000000000000022
197.0 0.24735100 -7.86284238 -7.61549138 1.0000000000000027
198.0 0.24724807 -7.86273840 -7.61549032 1.0000000000000036
199.0 0.24714357 -7.86263285 -7.61548928 1.000000000000003
200.0 0.24703752 -7.86252576 -7.61548824 1.0000000000000029
