#Time Kinetic_e Potential_e Total_e Norm
0.0 0.00000000 -7.59728645 -7.59728645 1.0000000000000002
1.0 0.00007621 -7.59736149 -7.59728529 0.9999999999999997
2.0 0.00030460 -7.59758625 -7.59728165 0.9999999999999994
3.0 0.00068451 -7.59795962 -7.59727511 0.9999999999999999
4.0 0.00121480 -7.59847975 -7.59726495 0.9999999999999989
5.0 0.00189394 -7.59914411 -7.59725017 0.9999999999999992
6.0 0.00271992 -7.59994944 -7.59722952 0.9999999999999997
7.0 0.00369034 -7.60089182 -7.59720148 0.9999999999999989
8.0 0.00480239 -7.60196667 -7.59716428 0.9999999999999984
9.0 0.00605286 -7.60316874 -7.59711587 0.9999999999999981
10.0 0.00743816 -7.60449214 -7.59705397 0.9999999999999986
11.0 0.00895432 -7.60593036 -7.59697604 0.9999999999999984
12.0 0.01059703 -7.60747631 -7.59687928 0.9999999999999984
13.0 0.01236165 -7.60912232 -7.59676066 0.999999999999999
14.0 0.01424324 -7.61086022 -7.59661697 0.9999999999999976
15.0 0.01623658 -7.61268138 -7.59644480 0.9999999999999972
16.0 0.01833619 -7.61457678 -7.59624059 0.9999999999999967
17.0 0.02053639 -7.61653705 -7.59600066 0.9999999999999966
18.0 0.02283130 -7.61855254 -7.59572124 0.9999999999999967
19.0 0.02521488 -7.62061338 -7.59539850 0.9999999999999964
20.0 0.02768096 -7.62270952 -7.59502856 0.999999999999997
21.0 0.03022328 -7.62483081 -7.59460753 0.9999999999999969
22.0 0.03283550 -7.62696705 -7.59413155 0.9999999999999971
23.0 0.03551126 -7.62910808 -7.59359682 0.9999999999999971
24.0 0.03824417 -7.63124382 -7.59299965 0.9999999999999967
25.0 0.04102790 -7.63336438 -7.59233648 0.9999999999999968
26.0 0.04385614 -7.63546015 -7.59160401 0.9999999999999969
27.0 0.04672270 -7.63752186 -7.59079916 0.9999999999999963
28.0 0.04962150 -7.63954069 -7.58991919 0.9999999999999947
29.0 0.05254659 -7.64150830 -7.58896171 0.9999999999999952
30.0 0.05549222 -7.64341692 -7.58792470 0.9999999999999952
31.0 0.05845279 -7.64525937 -7.58680657 0.9999999999999962
32.0 0.06142295 -7.64702908 -7.58560614 0.9999999999999961
33.0 0.06439752 -7.64872014 -7.58432262 0.9999999999999951
34.0 0.06737159 -7.65032724 -7.58295565 0.999999999999995
35.0 0.07034045 -7.65184568 -7.58150523 0.9999999999999951
36.0 0.07329961 -7.65327134 -7.57997173 0.999999999999995
37.0 0.07624483 -7.65460065 -7.57835582 0.9999999999999944
38.0 0.07917208 -7.65583054 -7.57665846 0.9999999999999942
39.0 0.08207754 -7.65695837 -7.57488083 0.9999999999999938
40.0 0.08495763 -7.65798192 -7.57302429 0.9999999999999934
41.0 0.08780895 -7.65889929 -7.57109033 0.9999999999999932
42.0 0.09062835 -7.65970887 -7.56908052 0.9999999999999938
43.0 0.09341284 -7.66040928 -7.56699644 0.9999999999999931
44.0 0.09615966 -7.66099934 -7.56483968 0.9999999999999922
45.0 0.09886624 -7.66147803 -7.56261179 0.9999999999999922
46.0 0.10153018 -7.66184452 -7.56031433 0.9999999999999913
47.0 0.10414932 -7.66209813 -7.55794882 0.9999999999999918
48.0 0.10672165 -7.66223843 -7.55551678 0.999999999999992
49.0 0.10924539 -7.66226520 -7.55301980 0.9999999999999915
50.0 0.11171899 -7.66217852 -7.55045954 0.9999999999999915
51.0 0.11414107 -7.66197882 -7.54783775 0.9999999999999906
52.0 0.11651050 -7.66166687 -7.54515637 0.999999999999991
53.0 0.11882637 -7.66124386 -7.54241748 0.9999999999999907
54.0 0.12108796 -7.66071138 -7.53962341 0.9999999999999907
55.0 0.12329475 -7.66007146 -7.53677671 0.9999999999999903
56.0 0.12544639 -7.65932655 -7.53388016 0.9999999999999908
57.0 0.12754270 -7.65847952 -7.53093682 0.999999999999991
58.0 0.12958364 -7.65753360 -7.52794997 0.9999999999999916
59.0 0.13156926 -7.65649237 -7.52492311 0.999999999999992
60.0 0.13349973 -7.65535967 -7.52185994 0.9999999999999921
61.0 0.13537529 -7.65413958 -7.51876429 0.9999999999999918
62.0 0.13719622 -7.65283631 -7.51564009 0.999999999999992
63.0 0.13896284 -7.65145416 -7.51249132 0.9999999999999925
64.0 0.14067550 -7.64999750 -7.50932200 0.9999999999999929
65.0 0.14233454 -7.64847069 -7.50613615 0.9999999999999941
66.0 0.14394033 -7.64687812 -7.50293780 0.9999999999999938
67.0 0.14549324 -7.64522424 -7.49973100 0.999999999999994
68.0 0.14699371 -7.64351357 -7.49651986 0.9999999999999937
69.0 0.14844224 -7.64175077 -7.49330854 0.9999999999999931
70.0 0.14983938 -7.63994069 -7.49010131 0.9999999999999944
71.0 0.15118583 -7.63808839 -7.48690255 0.9999999999999942
72.0 0.15248241 -7.63619916 -7.48371675 0.9999999999999943
73.0 0.15373005 -7.63427854 -7.48054849 0.9999999999999952
74.0 0.15492985 -7.63233230 -7.47740245 0.9999999999999942
75.0 0.15608302 -7.63036638 -7.47428336 0.999999999999993
76.0 0.15719090 -7.62838684 -7.47119594 0.9999999999999925
77.0 0.15825495 -7.62639981 -7.46814486 0.9999999999999928
78.0 0.15927670 -7.62441137 -7.46513467 0.9999999999999922
79.0 0.16025775 -7.62242744 -7.46216969 0.9999999999999918
80.0 0.16119975 -7.62045369 -7.45925394 0.9999999999999912
81.0 0.16210435 -7.61849541 -7.45639105 0.9999999999999905
82.0 0.16297319 -7.61655735 -7.45358416 0.99999999999999
83.0 0.16380786 -7.61464365 -7.45083579 0.9999999999999902
84.0 0.16460988 -7.61275773 -7.44814786 0.9999999999999907
85.0 0.16538069 -7.61090220 -7.44552152 0.9999999999999906
86.0 0.16612165 -7.60907885 -7.44295720 0.9999999999999903
87.0 0.16683400 -7.60728859 -7.44045458 0.9999999999999898
88.0 0.16751893 -7.60553152 -7.43801259 0.9999999999999896
89.0 0.16817748 -7.60380695 -7.43562947 0.9999999999999882
90.0 0.16881065 -7.60211353 -7.43330288 0.999999999999988
91.0 0.16941936 -7.60044935 -7.43102999 0.9999999999999881
92.0 0.17000448 -7.59881217 -7.42880769 0.9999999999999881
93.0 0.17056684 -7.59719962 -7.42663278 0.9999999999999887
94.0 0.17110729 -7.59560951 -7.42450223 0.9999999999999891
95.0 0.17162669 -7.59404016 -7.42241347 0.9999999999999888
96.0 0.17212601 -7.59249068 -7.42036467 0.9999999999999888
97.0 0.17260632 -7.59096134 -7.41835502 0.9999999999999877
98.0 0.17306886 -7.58945375 -7.41638489 0.9999999999999878
99.0 0.17351499 -7.58797097 -7.41445598 0.9999999999999875
100.0 0.17394626 -7.58651746 -7.41257120 0.9999999999999876
101.0 0.17436425 -7.58509876 -7.41073450 0.9999999999999868
102.0 0.17477052 -7.58372105 -7.40895052 0.9999999999999868
103.0 0.17516644 -7.58239053 -7.40722409 0.999999999999988
104.0 0.17555302 -7.58111269 -7.40555968 0.9999999999999872
105.0 0.17593079 -7.57989167 -7.40396088 0.9999999999999871
106.0 0.17629969 -7.57872969 -7.40242999 0.9999999999999866
107.0 0.17665901 -7.57762675 -7.40096774 0.9999999999999862
108.0 0.17700751 -7.57658075 -7.39957324 0.9999999999999862
109.0 0.17734354 -7.57558777 -7.39824423 0.9999999999999862
110.0 0.17766540 -7.57464282 -7.39697742 0.9999999999999856
111.0 0.17797155 -7.57374067 -7.39576913 0.9999999999999842
112.0 0.17826103 -7.57287681 -7.39461578 0.9999999999999847
113.0 0.17853370 -7.57204819 -7.39351449 0.9999999999999849
114.0 0.17879037 -7.57125378 -7.39246341 0.999999999999984
115.0 0.17903284 -7.57049471 -7.39146186 0.9999999999999845
116.0 0.17926371 -7.56977390 -7.39051019 0.9999999999999842
117.0 0.17948609 -7.56909550 -7.38960941 0.9999999999999839
118.0 0.17970313 -7.56846383 -7.38876071 0.9999999999999832
119.0 0.17991763 -7.56788248 -7.38796485 0.9999999999999837
120.0 0.18013162 -7.56735330 -7.38722168 0.9999999999999828
121.0 0.18034605 -7.56687582 -7.38652977 0.9999999999999833
122.0 0.18056071 -7.56644706 -7.38588635 0.9999999999999833
123.0 0.18077436 -7.56606180 -7.38528745 0.9999999999999837
124.0 0.18098497 -7.56571329 -7.38472832 0.9999999999999841
125.0 0.18119024 -7.56539428 -7.38420404 0.9999999999999841
126.0 0.18138805 -7.56509815 -7.38371009 0.9999999999999845
127.0 0.18157699 -7.56481992 -7.38324293 0.9999999999999842
128.0 0.18175672 -7.56455700 -7.38280029 0.9999999999999833
129.0 0.18192814 -7.56430933 -7.38238119 0.9999999999999843
130.0 0.18209336 -7.56407910 -7.38198574 0.9999999999999836
131.0 0.18225537 -7.56386991 -7.38161454 0.9999999999999833
132.0 0.18241761 -7.56368572 -7.38126811 0.9999999999999841
133.0 0.18258334 -7.56352954 -7.38094620 0.9999999999999848
134.0 0.18275519 -7.56340258 -7.38064739 0.9999999999999845
135.0 0.18293468 -7.56330359 -7.38036890 0.9999999999999849
136.0 0.18312211 -7.56322895 -7.38010683 0.9999999999999852
137.0 0.18331662 -7.56317329 -7.37985666 0.9999999999999847
138.0 0.18351655 -7.56313059 -7.37961404 0.9999999999999855
139.0 0.18371989 -7.56309545 -7.37937556 0.999999999999985
140.0 0.18392486 -7.56306436 -7.37913950 0.9999999999999852
141.0 0.18413026 -7.56303640 -7.37890614 0.9999999999999858
142.0 0.18433575 -7.56301352 -7.37867778 0.9999999999999868
143.0 0.18454176 -7.56299993 -7.37845817 0.9999999999999866
144.0 0.18474924 -7.56300103 -7.37825179 0.9999999999999865
145.0 0.18495924 -7.56302200 -7.37806276 0.9999999999999868
146.0 0.18517242 -7.56306641 -7.37789399 0.9999999999999872
147.0 0.18538874 -7.56313528 -7.37774654 0.9999999999999873
148.0 0.18560730 -7.56322673 -7.37761943 0.9999999999999867
149.0 0.18582652 -7.56333649 -7.37750997 0.9999999999999872
150.0 0.18604445 -7.56345890 -7.37741445 0.999999999999987
151.0 0.18625931 -7.56358834 -7.37732903 0.9999999999999878
152.0 0.18646989 -7.56372056 -7.37725067 0.9999999999999873
153.0 0.18667592 -7.56385367 -7.37717774 0.9999999999999875
154.0 0.18687805 -7.56398838 -7.37711033 0.9999999999999875
155.0 0.18707762 -7.56412762 -7.37705000 0.9999999999999873
156.0 0.18727628 -7.56427552 -7.37699923 0.9999999999999876
157.0 0.18747548 -7.56443606 -7.37696058 0.9999999999999879
158.0 0.18767609 -7.56461194 -7.37693585 0.9999999999999869
159.0 0.18787826 -7.56480373 -7.37692547 0.9999999999999873
160.0 0.18808152 -7.56500974 -7.37692822 0.9999999999999868
161.0 0.18828508 -7.56522646 -7.37694138 0.999999999999987
162.0 0.18848830 -7.56544945 -7.37696115 0.9999999999999868
163.0 0.18869106 -7.56567444 -7.37698338 0.9999999999999857
164.0 0.18889395 -7.56589811 -7.37700417 0.9999999999999867
165.0 0.18909819 -7.56611872 -7.37702053 0.9999999999999862
166.0 0.18930536 -7.56633606 -7.37703070 0.9999999999999866
167.0 0.18951688 -7.56655114 -7.37703426 0.9999999999999869
168.0 0.18973366 -7.56676560 -7.37703194 0.9999999999999872
169.0 0.18995586 -7.56698110 -7.37702524 0.9999999999999869
170.0 0.19018293 -7.56719889 -7.37701595 0.9999999999999871
171.0 0.19041393 -7.56741965 -7.37700572 0.9999999999999868
172.0 0.19064798 -7.56764357 -7.37699559 0.999999999999986
173.0 0.19088467 -7.56787043 -7.37698576 0.999999999999986
174.0 0.19112436 -7.56809972 -7.37697536 0.9999999999999867
175.0 0.19136809 -7.56833067 -7.37696259 0.9999999999999877
176.0 0.19161728 -7.56856217 -7.37694488 0.9999999999999879
177.0 0.19187325 -7.56879276 -7.37691951 0.9999999999999883
178.0 0.19213667 -7.56902078 -7.37688410 0.9999999999999886
179.0 0.19240739 -7.56924465 -7.37683726 0.999999999999988
180.0 0.19268440 -7.56946340 -7.37677900 0.9999999999999879
181.0 0.19296619 -7.56967712 -7.37671093 0.9999999999999878
182.0 0.19325127 -7.56988727 -7.37663600 0.9999999999999879
183.0 0.19353864 -7.57009650 -7.37655786 0.9999999999999879
184.0 0.19382806 -7.57030801 -7.37647996 0.9999999999999882
185.0 0.19412001 -7.57052455 -7.37640454 0.9999999999999889
186.0 0.19441529 -7.57074734 -7.37633205 0.9999999999999896
187.0 0.19471445 -7.57097538 -7.37626093 0.9999999999999889
188.0 0.19501732 -7.57120536 -7.37618805 0.9999999999999893
189.0 0.19532276 -7.57143240 -7.37610964 0.9999999999999887
190.0 0.19562883 -7.57165140 -7.37602256 0.9999999999999895
191.0 0.19593332 -7.57185871 -7.37592539 0.9999999999999889
192.0 0.19623443 -7.57205349 -7.37581906 0.9999999999999889
193.0 0.19653153 -7.57223820 -7.37570667 0.99999999999999
194.0 0.19682539 -7.57241801 -7.37559262 0.9999999999999899
195.0 0.19711809 -7.57259929 -7.37548119 0.9999999999999905
196.0 0.19741231 -7.57278739 -7.37537508 0.9999999999999903
197.0 0.19771040 -7.57298473 -7.37527433 0.9999999999999902
198.0 0.19801343 -7.57318958 -7.37517615 0.9999999999999902
199.0 0.19832073 -7.57339640 -7.37507566 0.99999999999999
200.0 0.19863001 -7.57359753 -7.37496752 0.9999999999999899
